0.03506608228367087,0.06129577108933465,0.02622968880566378
0.0012741764231568727,0.0124843917117578,0.011210215288600927
0.014601926121360069,2.7604552766761925,2.7458533505548326
0.2795168550835063,0.035334520229418055,0.0
0.12180395704088459,0.03404719262992014,0.0
0.040311108010331075,0.05282411765133489,0.012513009641003818
0.21110363916236646,1.3707982524814595,1.159694613319093
0.05249731091066802,1.0071210397645474,0.9546237288538794
0.007544480475745012,0.7606513224829082,0.7531068420071633
0.0018704523953897733,0.6894545051249968,0.6875840527296071
0.013979650720183196,1.0160218098969303,1.002042159176747
0.03122055165087677,1.7558634732386826,1.7246429215878059
0.679028640888347,0.05517124234346401,0.0
0.31450308649614306,0.05517124234346401,0.0
0.5470542776212797,0.5661012908078651,0.019047013186585415
0.3088969875051368,0.5661012908078651,0.2572043033027283
0.17442025918277357,0.5661012908078651,0.3916810316250915
0.09848728878548854,0.5661012908078651,0.4676140020223766
0.05561134983839214,0.5661012908078651,0.510489940969473
0.03140123227053147,0.5661012908078651,0.5347000585373336
0.12937766314899707,0.025178332598070913,0.0
0.037017513182441224,2.3251092120686316E-6,0.0
0.027316471285146818,2.3251092120686316E-6,0.0
0.8681355873087204,0.9285208859902889,0.0603852986815685
0.7758728734100924,1.296780920456471,0.5209080470463787
0.38866607329372416,1.162309647269159,0.7736435739754348
0.4269213449638877,2.6410464682664285,2.2141251233025407
0.11923012173926645,0.13832055399559054,0.01909043225632409
2.89957765340915E-5,0.7632538717068506,0.7632248759303164
0.01170763932755601,1.3124047610615948,1.3006971217340388
0.015454530090146313,0.694078632020031,0.6786241019298846
0.0037174904086323484,1.0591236800857573,1.055406189677125
0.01168144103124177,0.5866164175295554,0.5749349764983136
0.004895906763025071,0.5549781590769467,0.5500822523139216
3.124499990429232E-4,0.6190673117284277,0.6187548617293848
0.004756585226971318,0.4102036715567363,0.405447086329765
0.0019516510102491184,0.36980083224365523,0.3678491812334061
0.09845186479069586,7.090445647660497E-5,0.0
0.0252943053096255,0.03500945355548909,0.00971514824586359
0.004901870306628918,0.058977852510957655,0.054075982204328736
0.0014692241540960123,0.06416254843530729,0.06269332428121127
3.613421681082716E-4,0.0732816450385455,0.07292030287043723
1.3712472331653766E-4,0.0732816450385455,0.07314452031522897
0.060529091053947694,0.4294071591364607,0.368878068082513
0.018096358390643757,0.37207010349957986,0.3539737451089361
0.31323146998915996,1.5733020288199655,1.2600705588308054
0.0011840338821450026,0.4905459706500843,0.4893619367679393
0.002975760198686321,0.3186171494659798,0.31564138926729346
0.014583850415156408,0.1836762499458893,0.16909239953073288
0.009440492471273898,0.1836762499458893,0.1742357574746154
0.19243283727566637,1.2752318199482806,1.0827989826726143
0.09505604522874748,0.06680447439339514,0.0
0.01818838491829009,0.167883370879654,0.1496949859613639
0.0034964344879962477,0.4187262717540212,0.41522983726602497
0.03354498572115774,0.10162008463405682,0.06807509891289909
0.025331734961111203,0.4815602394505544,0.4562285044894432
0.008682752749184522,0.36996360998675787,0.36128085723757336
0.1785420414346936,1.512627393231921E-4,0.0
0.10923235356155316,3.6291177822122276E-4,0.0
0.08444062585772578,2.6104940702292796E-4,0.0
0.04295402433096975,0.005251205839368691,0.0
0.1780593673102936,0.12849361076484853,0.0
2.163867408102336,4.469045181084141,2.305177772981805
0.0016461721445917507,7.56514116638901E-4,0.0
0.0023927498130387366,3.462579788315775E-5,0.0
0.0022704566388200426,1.5643829693794234E-4,0.0
0.030770297376470856,0.07562199481655028,0.04485169744007943
0.022625972994002003,0.09385897398315633,0.07123300098915433
0.06435797260504683,0.27013934219609376,0.20578136959104693
1.1604625989663235,2.744681063089713,1.5842184641233894
1.919191851729293,5.3268576138370065,3.4076657621077135
0.2236118554736086,2.2600818155532045,2.036469960079596
0.12990707406098329,1.9538129480602284,1.823905873999245
0.09568946302888161,1.9441634542223798,1.8484739911934982
0.5560935280798932,3.6589067978411403,3.102813269761247
0.19790109513086765,2.924768093458402,2.7268669983275347
0.10504360383412571,2.391336184466859,2.2862925806327334
0.03391482943776813,2.325834112769538,2.29191928333177
0.058545178400736086,3.1172569165400903,3.0587117381393543
0.0625986048285839,3.012454268773825,2.949855663945241
0.005141641754366288,1.535026794964608,1.5298851532102415
0.14391226576786537,0.756516494414977,0.6126042286471116
0.006362982823065896,0.8823510248754974,0.8759880420524315
0.23733152819151532,0.08555449317731786,0.0
0.47106755571399983,0.053962951160558215,0.0
0.46239428048908443,9.143020943153815E-4,0.0
0.9536716942788029,0.3141035509959395,0.0
2.147319715918936,1.028612605208862,0.0
1.7923817904694357,1.0786085389669366,0.0
1.6165571316467773,1.5148109938275178,0.0
1.5044936497783037,1.9338044716602878,0.4293108218819841
2.198787693984985,4.890521462756691,2.6917337687717064
1.578004475279644,3.0373952651439433,1.4593907898642993
0.924166215042363,0.4897577616449765,0.0
0.7147009166621728,0.4897577616449765,0.0
0.43428099496251266,0.2836963817689715,0.0
0.10910473134186771,0.06705685657533579,0.0
0.0059366019457310695,0.06427865761745291,0.05834205567172184
0.0013416604693678958,0.01583317660117838,0.014491516131810482
0.01834304499552685,0.04139217911675359,0.023049134121226736
3.596762557404497,5.363140568007914,1.7663780106034173
2.312104794631112,3.60124054635347,1.2891357517223576
0.3241170516272712,0.7268674234608378,0.40275037183356655
0.3986874073313742,1.2255357723639708,0.8268483650325966
0.33918515046064923,0.04604401348377293,0.0
0.011954638783366797,0.2915458062886626,0.27959116750529583
0.7892561557943014,3.9744935168826165,3.185237361088315
0.5998983146355287,4.162925433109638,3.5630271184741096
0.38003119873657853,4.378863409487503,3.998832210750925
0.23810318493972704,4.234326163536034,3.9962229785963066
0.1908705579648679,4.0315986070499426,3.8407280490850746
0.05355243823881155,2.775526708327325,2.7219742700885132
0.005328102287974381,0.7889699273801148,0.7836418250921404
0.3111088172848811,2.7980125938953027,2.4869037766104216
0.24701179236134982,2.7980125938953027,2.5510008015339527
0.14876714901105956,0.6147501502192345,0.46598300120817493
0.9403710023631161,0.23493970883358636,0.0
2.2356717649328433,0.07624089453737047,0.0
1.4047849519864282,0.10251428843209168,0.0
1.1580826795133488,0.2574615439095741,0.0
0.719918329439765,0.22197736872718357,0.0
0.42126352122450367,0.11242507728649671,0.0
0.004897194392632255,0.25237280550027313,0.24747561110764088
0.0013989886240637882,0.17540215531536954,0.17400316669130575
0.2227175669083881,0.900730265285854,0.6780126983774659
0.6005916585645288,1.1891974273714694,0.5886057688069406
0.0931244843842602,0.001030575388549668,0.0
0.3011843847952061,0.5830580816367495,0.28187369684154345
0.43561690307442646,1.7778019416765698,1.3421850386021434
1.252994281317139,4.041298252028719,2.78830397071158
0.39549189374923976,2.4724825449299694,2.0769906511807297
0.2459566703869215,1.9256900163071695,1.679733345920248
1.114906685334173,0.1630248927499418,0.0
1.1464328447445287,0.8315921112935267,0.0
0.3168674711272067,1.105676892854221,0.7888094217270144
4.680078049392896E-4,0.4902979837787493,0.48982997597381
3.1844437552627547E-4,0.4902979837787493,0.48997953940322303
2.166776263858904E-4,0.4902979837787493,0.4900813061523634
0.0028809847159179712,0.5086115201678189,0.5057305354519008
0.0019771169892787172,0.5086115201678189,0.5066344031785401
0.0013568248271837902,0.5086115201678189,0.507254695340635
0.015784759074095146,0.43287584349819913,0.417091084424104
0.011514766540540225,0.43287584349819913,0.4213610769576589
0.008399865202931164,0.43287584349819913,0.42447597829526795
0.006127587144645987,0.43287584349819913,0.4267482563535531
0.004469991280589652,0.43287584349819913,0.42840585221760946
0.09391230693688957,0.29810303780130804,0.20419073086441847
0.017273162122010192,0.5935257586186767,0.5762525964966665
5.973735464284688E-4,1.3908024025450454,1.390205028998617
0.050284455004764514,1.2793093786612726,1.229024923656508
0.008680677132998513,1.4976346927467001,1.4889540156137016
0.0015408797915539166,1.4976346927467001,1.4960938129551462
2.735167424893261E-4,1.4976346927467001,1.4973611760042107
0.06496519647388299,0.1961929330104148,0.1312277365365318
0.013545899050337429,0.226331101494478,0.21278520244414056
0.02718078050034304,0.7557552387497971,0.7285744582494541
0.011831508240821471,0.792565920257514,0.7807344120166926
0.06291650991336722,1.3767721882908688,1.3138556783775015
0.013787902812294325,1.2049986421261523,1.191210739313858
0.004397777696069837,1.1520330133599992,1.1476352356639294
0.01701489512545784,0.639439854273254,0.6224249591477962
0.005557949729532667,1.261330004332489,1.2557720546029565
0.007779198873548201,1.8876095137215658,1.8798303148480175
0.0023451799509380286,1.7142687837838262,1.7119236038328882
0.17796951789646834,0.16230852700965098,0.0
0.21516304731157634,0.027397014866932492,0.0
0.10556411254749092,0.04140429157448686,0.0
0.06506605531997334,0.016344442835966252,0.0
0.008151927008979619,0.2829114999748204,0.2747595729658408
0.0051005545563545,0.3291237769685323,0.3240232224121778
0.01035033725002293,0.5285932012481637,0.5182428639981408
2.763381428460773E-4,0.3888231192504676,0.38854678110762153
0.02393856617344631,0.6963833024470153,0.6724447362735689
0.04458761288815537,0.9405116261334219,0.8959240132452665
0.09866794030905589,1.2554904518849364,1.1568225115758806
0.4396107467188007,2.5698792745537427,2.130268527834942
0.033619820969952086,1.63014640951938,1.596526588549428
5.715021057204612E-7,2.947000613210247,2.9470000417081414
1.53328634615999E-7,2.947000613210247,2.9470004598816124
4.1136629170496725E-8,2.947000613210247,2.947000572073618
1.1036570329858934E-8,2.947000613210247,2.9470006021736768
2.961007916798118E-9,2.947000613210247,2.947000610249239
7.944105479722504E-10,2.947000613210247,2.9470006124158363
0.014471331546513432,1.4063449492711644,1.391873617724651
0.06282047194989063,1.8295499885451945,1.7667295165953039
0.03746754200756234,1.8295499885451945,1.7920824465376322
0.04592465459625199,2.9620492791843653,2.916124624588113
9.279503543973652E-4,3.0313815047346293,3.030453554380232
0.15170408675014666,1.3020993834894896,1.150395296739343
0.05198696299301044,2.1084552814670796,2.056468318474069
0.06843702020610468,0.9166764911250298,0.8482394709189252
0.03780341276830551,0.5598533952524892,0.5220499824841838
0.0026166801968016216,0.721441126857437,0.7188244466606354
0.30072136433315827,2.9518640483382597,2.6511426840051016
0.01638169869514271,2.3412667949308426,2.3248850962357
8.015299843869211E-4,1.9164131643370204,1.9156116343526335
0.030123472411697497,0.9258852908750635,0.895761818463366
0.0129915064107572,1.0755618956608006,1.0625703892500433
0.029107203647852117,0.5177895391869727,0.48868233553912055
0.13033497684547612,0.004115535409428181,0.0
0.03802531569516561,8.867619085502536E-5,0.0
0.013001928152677327,0.6174683332742891,0.6044664051216118
0.002262922537858782,0.356544555886286,0.3542816333484272
0.009607991730450615,0.4105668375358681,0.40095884580541746
0.004006662408316054,0.4105668375358681,0.40656017512755205
0.0841438656454859,0.9624284089191707,0.8782845432736848
0.007236128682437342,0.757084889583771,0.7498487609013336
0.0030555418974774254,0.757084889583771,0.7540293476862935
0.46415162904400953,3.773081892003733,3.3089302629597235
0.18378019762369555,3.773081892003733,3.5893016943800373
0.07276751588305225,3.773081892003733,3.700314376120681
0.023293387977910952,2.909266123055087,2.885972735077176
0.010259443744220992,2.909266123055087,2.899006679310866
0.019555428459371738,2.168343330902097,2.1487879024427254
0.19528596595648118,4.656510403717506,4.461224437761024
0.013781068667154969,3.36878176831668,3.355000699649525
0.0256904468152917,2.0657663821823915,2.0400759353670996
0.03200121176062166,1.5109601333676825,1.4789589216070609
0.014405688777400016,1.8352390970398507,1.8208334082624507
0.002138121237130338,2.0359540175531317,2.033815896316001
0.006846910519950571,2.378699695448424,2.3718527849284734
0.0038115896343876,2.378699695448424,2.374888105814036
0.002121864379363328,2.378699695448424,2.3765778310690604
0.0011812154183104405,2.378699695448424,2.3775184800301132
6.575678813520375E-4,2.378699695448424,2.378042127567072
1.249540499156292,7.21870128470226,5.969160785545968
1.0125025429838588,9.512150778699029,8.49964823571517
0.6003331128805829,9.512150778699029,8.911817665818447
0.16941200638574785,2.91666272203202,2.747250715646272
0.1033336473198554,2.91666272203202,2.8133290747121644
0.018534421294626745,6.705878489522035,6.687344068227408
0.014615386551887957,5.767088369406577,5.752472982854688
0.017452089870844494,4.388849973584879,4.371397883714034
0.16808978762838991,1.5107259465409077,1.3426361589125178
0.11739601878369837,1.4936326080147677,1.3762365892310693
0.4935658500531598,0.5071431061050716,0.013577256051911846
0.34735629363931697,0.5071431061050716,0.15978681246575466
0.8167646641666196,0.21886032171199604,0.0
0.7008272082598568,0.1275068622729677,0.0
0.6861500686234066,0.04895983499787982,0.0
0.3721421811889464,0.04012326467514228,0.0
0.19284471884295276,0.04012326467514228,0.0
0.1205788745657298,0.013621277897241792,0.0
0.02145815855716919,0.12926949881722108,0.10781134026005189
0.004622615028120259,0.1724965197436572,0.16787390471553695
0.0013658150561898271,0.3726820461410043,0.3713162310848145
0.002690242770215332,0.5111878468326398,0.5084976040624245
0.014868756052272177,0.7366120328690854,0.7217432768168132
0.014880817102349024,0.9587765886130281,0.943895771510679
0.08208489575689216,2.5086967682293615,2.4266118724724692
0.03734521760658398,2.7737726987761926,2.7364274811696085
0.004479026929930184,2.001295812367787,1.996816785437857
0.0022072030956248627,2.182621814550819,2.180414611455194
0.08078584982015412,2.9554995345158286,2.8747136846956747
0.11236052569482742,3.294913685287741,3.1825531595929135
0.1315565118582568,3.537261008507105,3.405704496648848
0.06526158951569234,3.5110028198410577,3.4457412303253654
0.004659782318295434,1.8894678380237944,1.884808055705499
0.0046802022694439754,1.4577755465222828,1.453095344252839
0.8340110126961973,0.006613254962594295,0.0
0.6310054929437566,0.03774591568897472,0.0
0.3254353354419019,0.03774591568897472,0.0
0.16784031001077676,0.03774591568897472,0.0
0.03607237909444431,0.1739246049321133,0.137852225837669
0.001671940139272805,0.3402029385142492,0.3385309983749764
0.010218322040338757,0.17883045042499354,0.16861212838465478
0.003195268755828959,0.16815691187393478,0.16496164311810582
4.498603430821523E-4,0.22721493992285752,0.22676507957977537
0.011280659809688277,0.36309736707476653,0.35181670726507824
0.0012241044311579218,0.2621277980526231,0.26090369362146515
0.051898168018993086,9.591568649130084E-4,0.0
0.014686492855844294,0.1850970034556103,0.17041051059976603
0.00835474669382963,0.259034985907498,0.2506802392136684
0.03603330191313149,0.4332342542082291,0.3972009522950976
0.017870496277683678,0.4332342542082291,0.4153637579305454
0.00886276361740574,0.4332342542082291,0.42437149059082335
0.004395433552458355,0.4332342542082291,0.4288388206557707
0.01532211716250826,0.5893273601957495,0.5740052430332412
0.007598910540558894,0.5893273601957495,0.5817284496551905
0.005391391390826577,0.6274766508002457,0.6220852594094192
6.51275951417226E-4,0.5118665396842582,0.511215263732841
6.038758737859645E-4,0.40938739194095586,0.4087835160671699
0.017707966123717972,0.2262210172517116,0.20851305112799362
0.012786715162272816,0.1851673909479504,0.1723806757856776
0.012546726730192746,0.11307307514701129,0.10052634841681854
0.012652230769464375,0.3469706590616077,0.3343184282921433
0.10199305997126144,0.006218157405326916,0.0
0.06073284402885696,0.006218157405326916,0.0
0.03616401297179202,0.006218157405326916,0.0
0.02153424321117801,0.006218157405326916,0.0
0.01282279239972258,0.006218157405326916,0.0
0.02663218881854074,0.031103786740607462,0.004471597922066722
0.014765827460920223,0.0016765742860501733,0.0
6.218927658974421E-4,0.018686646074393243,0.0180647533084958
0.0481486414331275,0.06006703506019299,0.01191839362706549
7.861320997542029E-4,0.00789281223853619,0.0071066801387819865
5.297902891408051E-4,0.00789281223853619,0.007363021949395384
3.5703636902199414E-4,0.00789281223853619,0.007535775869514196
2.4173406737621804E-4,0.004284357125679327,0.004042623058303109
1.6421111481655578E-4,0.004284357125679327,0.0041201460108627715
1.1154940022306152E-4,0.004284357125679327,0.004172807725456266
0.13394885136713458,0.1386889341401448,0.004740082773010218
0.034453200944317516,0.019608091958328827,0.0
0.010015688203661501,1.6468481393222488E-7,0.0
0.0022040432409355425,0.012639494498975364,0.01043545125803982
0.005362367643188932,4.606391564825958E-4,0.0
0.10262556811096997,0.1734077616058436,0.07078219349487362
0.06829127909755918,0.1403429380892415,0.07205165899168232
0.037222959137338286,0.029960398140150633,0.0
0.10706408309087985,0.08556227446642442,0.0
0.12704573783424344,0.17009956090518283,0.043053823070939384
0.07493619616519917,0.1315293821696206,0.056593186004421425
0.017030822467389784,0.012753164332061974,0.0
0.0067833070676466874,0.010502190810713179,0.0037188837430664912
0.0029937850212233908,0.010502190810713179,0.007508405789489788
0.00651898441149678,0.031725044386252774,0.025206059974755994
0.0028477837376912826,0.031725044386252774,0.02887726064856149
0.08958960497877479,0.35532359646413963,0.26573399148536486
0.023625848092331838,0.5743275353921797,0.5507016872998479
0.0012190858969480375,0.5121684662582009,0.5109493803612528
1.5348398128512615E-4,0.5624956208352971,0.562342136854012
3.3128882288683666E-5,0.5624956208352971,0.5624624919530085
0.006989455913063046,0.17480207457841976,0.1678126186653567
0.0020964214586233726,0.17480207457841976,0.17270565311979638
0.002043599469057712,0.2663645212080737,0.264320921739016
0.008379920515013366,0.07770170605643839,0.06932178554142503
0.004982133711765408,0.2374058253670629,0.2324236916552975
0.016287271865308216,0.38452507261577207,0.36823780075046386
0.012811191083517344,0.4038916713407294,0.39108048025721204
0.024322207444738096,0.5744620986633341,0.550139891218596
0.00900843636182487,0.5744620986633341,0.5654536623015092
0.017317226122523965,0.09708437490892355,0.07976714878639958
0.11614223466384524,0.06458713663932433,0.0
0.27687038548363446,0.8636884173678577,0.5868180318842233
2.9555840787931054,10.867619461248506,7.9120353824554
0.4898121147150344,9.011588067806381E-4,0.0
7.910022496199437E-4,2.7604552766761925,2.7596642744265725
3.2635317450249346,3.6517965034665623,0.38826475844162767
0.16764939129766143,0.27160332668455617,0.10395393538689474
0.00767904851206807,0.02992984429686428,0.02225079578479621
0.045826709772573145,0.030410641121949702,0.0
0.17163947324376758,0.43441728500598986,0.26277781176222226
0.13655899935458654,0.17158519629707367,0.035026196942487126
0.05852242450952073,0.8138085904659994,0.7552861659564787
0.02796448677299332,1.0233035498775755,0.9953390631045822
0.0063335381575905375,1.0233035498775755,1.016970011719985
0.006067030780530686,1.3165977291274122,1.3105306983468816
0.0011695448609930247,1.3165977291274122,1.3154281842664193
0.3502081882348871,6.056945138260529,5.7067369500256415
0.02314234765420661,3.779432041803316,3.756289694149109
0.006848960831602783,3.7023363417974893,3.6954873809658864
0.06892777809720964,1.293774794677292,1.2248470165800822
1.3382640968799944,6.245288290478608,4.907024193598613
0.21546594270373826,0.11647098139937968,0.0
0.09069098127099005,0.1568271567958868,0.06613617552489674
0.3025205169838535,0.004637839066400043,0.0
0.1809333887499676,0.10454267545864938,0.0
0.1271277461693287,0.054886084370644544,0.0
1.6382871133325265,9.083599987190103,7.445312873857577
0.22979639080755618,0.7196531192005486,0.48985672839299244
0.17827952547766215,0.7196531192005486,0.5413735937228865
0.008493391424188926,0.008068864939410458,0.0
0.004546492559835089,0.008068864939410458,0.0035223723795753687
0.005013714448561243,0.06453315452166777,0.05951944007310653
0.002683829615176093,0.06453315452166777,0.06184932490649168
0.0014366477144232847,0.06453315452166777,0.06309650680724449
0.08411596922626369,0.2654328398500961,0.1813168706238324
0.05820308046988614,1.689834732061869,1.6316316515919829
0.6831545066446557,1.7210850929348416,1.037930586290186
0.14463420805499544,0.7302262368314175,0.585592028776422
0.02992691806445415,0.39824064488339833,0.3683137268189442
0.03441451663927413,0.018454114815704754,0.0
0.10645982112536558,0.22590372760726138,0.1194439064818958
0.01754876881121031,0.4362264992338936,0.4186777304226833
7.206378580649615E-4,0.13930465464711572,0.13858401678905077
0.0045128157896509626,0.001112550951622975,0.0
0.16305348234172443,0.6807018956824495,0.5176484133407251
0.12090348685041266,0.49922986785264706,0.37832638100223437
3.010929013819549,5.193469999083541,2.1825409852639917
1.2449423429471822,1.8841748561789862,0.639232513231804
0.18163763647505818,0.004676503677707253,0.0
0.4785930661049232,0.01628006251440943,0.0
0.32381340511410966,1.5993443658036618E-4,0.0
0.05613027647166465,5.516123395908056,5.459993119436391
0.016002298115298828,5.516123395908056,5.500121097792757
0.03010773239216719,0.31235134842640816,0.282243616034241
0.06554717497176678,0.20202696305247944,0.13647978808071265
0.3332101640323613,0.0037663929700932383,0.0
0.23779355028815335,0.15995523210876414,0.0
0.12146814287152906,0.17294728056940045,0.051479137697871394
0.011655515273519658,0.5705640891498048,0.5589085738762851
0.04821824774027096,2.301906531599315,2.253688283859044
0.016896024332336557,2.150543484689272,2.1336474603569355
0.004552374962001671,0.619749777247691,0.6151974022856893
0.017320409946321606,1.1255513647045974,1.1082309547582758
0.2684835327054676,4.520874784638419,4.252391251932951
0.37101875187753164,3.8819268248875614,3.5109080730100297
0.681768217299446,5.873689335901973,5.191921118602527
0.05425420840535832,5.222646498963035,5.1683922905576765
0.02397883943370693,4.893665344451473,4.869686505017766
0.04171371706780269,4.481790839582078,4.440077122514275
0.001782697846695541,5.925112589280538,5.923329891433842
9.701642383871311E-4,6.374140145388883,6.373169981150496
3.568043439620724E-4,3.007942505715459,3.007585701371497
7.155613294078638E-4,3.200799128022944,3.2000835666935363
0.05091545826746715,2.0729218050701816,2.0220063468027143
0.17257544918712642,1.2351003454871137,1.0625248962999874
0.21776693513300707,4.718570910772164,4.500803975639157
0.8431585109522856,2.3448645626632225,1.5017060517109369
0.10534604247853643,2.447016922367403,2.3416708798888664
0.8004993476320383,0.419534357524762,0.0
0.5742267909992106,0.21398760358302762,0.0
0.2999293386046046,0.21398760358302762,0.0
0.15058704674578377,0.2509111962706093,0.10032414952482555
0.0769904355775612,0.2509111962706093,0.17392076069304813
0.020654245567759955,0.23181122155377085,0.21115697598601088
0.011385947627100457,0.23181122155377085,0.22042527392667038
0.006276666118923069,0.23181122155377085,0.22553455543484777
0.0034601017727032596,0.23181122155377085,0.2283511197810676
4.004599777777827,2.8151132457949606,0.0
3.906418195562054,8.175356207142098,4.268938011580044
3.5782553672136954,11.857976488726944,8.279721121513248
1.4276402336916811,10.187541029586649,8.759900795894968
0.1531252985566282,7.146962028582974,6.993836730026345
0.09521879434054635,5.911885481431738,5.816666687091192
0.8298362360294078,7.028817670104538,6.19898143407513
0.9750968054464452,2.3039106569526493,1.328813851506204
0.08550605522364813,0.42532095717514007,0.33981490195149194
0.8126976768237355,1.7134652380244393,0.9007675612007038
2.5087728732604857,4.306840505227991,1.7980676319675055
1.8179031617206673,3.6522495715826726,1.8343464098620053
2.011401208030517,3.671286380564009,1.659885172533492
1.809452776288729,3.671286380564009,1.86183360427528
1.1255757423450397,1.1449032985534868,0.019327556208447172
0.16768429336444365,0.27315799398961643,0.10547370062517278
0.10660478404081661,0.27315799398961643,0.16655320994879982
0.0677736701056997,0.27315799398961643,0.20538432388391675
0.04308690647351756,0.27315799398961643,0.23007108751609887
0.027392370909857532,0.27315799398961643,0.2457656230797589
0.017414617234690254,0.27315799398961643,0.2557433767549262
0.011071290412529989,0.27315799398961643,0.26208670357708647
0.007038539506593991,0.27315799398961643,0.26611945448302243
0.4034005292907204,1.9799351019418507,1.5765345726511304
0.19692360931595518,2.069140711359742,1.872217102043787
0.0961277702392899,2.069140711359742,1.9730129411204522
0.011340039442116872,4.311600936429907,4.3002608969877905
0.005473289184381426,4.756484466693255,4.7510111775088735
0.0022995197708057737,4.756484466693255,4.754184946922449
0.0713889345346652,2.3806251826763725,2.3092362481417075
0.03833674470301505,2.0391287143123416,2.0007919696093266
0.02536521385419451,1.5373168720603414,1.511951658206147
0.9219670407491349,0.008178939790946103,0.0
0.34761790581664737,0.5233034551915646,0.17568554937491726
0.31063039611235777,0.06148954496163979,0.0
0.08265661924211867,0.05021316793381731,0.0
0.019973617192079688,0.008197443485902024,0.0
0.018768316092597964,0.03390800160966594,0.015139685517067979
0.02468348232391269,0.10918875589868945,0.08450527357477676
0.11529520524119392,0.40291706157028406,0.28762185632909015
0.1154320289057559,0.7546349909886725,0.6392029620829166
0.27636246095512107,1.5733533272551328,1.2969908663000118
0.5529263522369331,0.9944808200216795,0.4415544677847464
0.03062764972293569,0.1486419374930417,0.118014287770106
0.06273978499118539,0.8129905277589665,0.7502507427677811
0.04664777620839501,1.034675301038485,0.98802752483009
0.013377885876806106,0.5827922918477402,0.5694144059709341
0.04447550776984163,1.3992076334724386,1.354732125702597
0.06745295678100607,1.5047084703923572,1.4372555136113512
0.06661491336190546,0.3013335254770382,0.23471861211513273
0.029898929625529678,0.267898796350167,0.23799986672463733
1.048565836534353E-5,0.47920456107849446,0.4791940754201291
0.057802907572192995,1.1119619179056315,1.0541590103334384
0.054077061503735896,1.45387204886389,1.3997949873601543
0.23660413482209924,1.3914392714549755,1.1548351366328762
0.12253070223201994,1.5869826897702333,1.4644519875382134
0.06786790987474166,1.4664795211014543,1.3986116112267126
0.058315356616532164,1.6823844744211731,1.624069117804641
0.012662926378892877,0.6883961255850588,0.6757331992061659
0.003226664667071285,0.12387390557909962,0.12064724091202833
0.2581989767717128,0.023593038415847114,0.0
0.3533807566398674,0.02106452044922424,0.0
0.18203906729038738,0.005521639297302462,0.0
0.11764254946096887,0.021015906531572766,0.0
0.05856653618641088,0.04757486088862972,0.0
0.023987248152082637,0.09744638047789143,0.07345913232580879
0.06190626272649254,0.0312650229586019,0.0
0.04968736583699222,0.029530713940109175,0.0
0.038426503310226866,0.027845889311497767,0.0
0.0018106748624104627,0.07202756199610764,0.07021688713369718
0.0019318325324491205,0.05133879732050787,0.04940696478805875
0.0063700077338755875,0.008232733343460292,0.0018627256095847047
0.008884715086763072,1.0975935337614812E-5,0.0
0.0038992305949729286,3.092824717076514E-4,0.0
0.03792121171839012,0.11259415687241275,0.07467294515402263
0.07190896657276111,0.24975749248266482,0.17784852590990372
0.10962463026671292,0.483460827898522,0.3738361976318091
0.05525592972416424,0.42708136831790744,0.3718254385937432
6.529271744297601E-4,0.8265011793440064,0.8258482521695766
2.583651059185962E-4,0.8265011793440064,0.8262428142380878
0.005538427225566877,0.9953912215599872,0.9898527943344203
0.004652718337786546,0.9795660946696089,0.9749133763318223
0.009399776907521733,0.5941137914902855,0.5847140145827638
0.0038888919640530264,0.5941137914902855,0.5902248995262325
0.0016089191112582996,0.5941137914902855,0.5925048723790273
0.05929641698110282,0.17764078666814948,0.11834436968704665
0.015798022693135245,0.7384989567783576,0.7227009340852224
0.0066056846638388855,0.7384989567783576,0.7318932721145187
0.0027620589440624853,0.7384989567783576,0.7357368978342952
0.0011549097479990843,0.7384989567783576,0.7373440470303586
4.8290661171099855E-4,0.7384989567783576,0.7380160501666466
2.0191949720593062E-4,0.7384989567783576,0.7382970372811517
8.442933346354232E-5,0.7384989567783576,0.7384145274448941
3.5302744151679407E-5,0.7384989567783576,0.738463654034206
1.4761264758504643E-5,0.7384989567783576,0.7384841955135991
6.1721812994027786E-6,0.7384989567783576,0.7384927845970582
2.5807966062493323E-6,0.7384989567783576,0.7384963759817514
0.009639498267868604,0.25280159950699155,0.24316210123912294
0.015379755959297798,0.33457993793957214,0.31920018198027433
0.01701232308994273,0.3621817189234873,0.34516939583354456
0.110620586630932,0.9400096242241813,0.8293890375932493
0.09854447720311357,1.4798706207830568,1.381326143579943
0.05896508093492288,1.7175327480482165,1.6585676671132936
0.03016029482127937,1.7175327480482165,1.6873724532269372
0.015426814807740481,1.7175327480482165,1.702105933240476
0.007890725754590858,1.7175327480482165,1.7096420222936257
0.004036060178989273,1.7175327480482165,1.7134966878692273
0.0020644212300681654,1.7175327480482165,1.7154683268181483
0.2846727938169764,0.7712922827437881,0.4866194889268117
0.0255400676930422,0.8610718893767596,0.8355318216837174
0.0034480594700083103,0.8833876423547891,0.8799395828847808
0.043919652769721124,0.2801711058616953,0.23625145309197418
0.04218273733594827,0.2640809309187637,0.22189819358281546
0.021444242406693213,0.2640809309187637,0.24263668851207051
0.17063534051941914,0.09784483754054622,0.0
0.007155763507605173,1.1897366920650367,1.1825809285574316
1.8108259994128796E-9,2.634006646079303,2.6340066442684766
2.0930966896676745E-4,3.0255362487483035,3.0253269390793367
1.0087675511233368E-5,2.9447259001366612,2.94471581246115
9.5923776674972E-5,2.8300187264426344,2.8299228026659593
0.065142096563039,4.085973094174305,4.020830997611266
0.014604173743735632,1.9263715741243022,1.9117674003805665
6.796520579467042E-4,2.5932925529848943,2.5926129009269476
0.0036813136063691067,1.5752260957180355,1.5715447821116664
4.823477691065377E-4,1.7787654440101732,1.7782830962410667
6.1343743018775295E-6,3.2299002739343488,3.229894139560047
2.659217859740614E-6,3.242334311855805,3.242331652637945
0.002198495577463668,3.3792927892349485,3.3770942936574846
6.753519548552402E-5,3.3792927892349485,3.379225254039463
2.800178245942838E-4,3.1037372571055806,3.1034572392809863
8.95357904192182E-6,3.1037372571055806,3.103728303526539
0.010257103887441006,3.284342664973388,3.274085561085947
0.010839497799500023,2.4800106290744743,2.4691711312749742
0.06429469778760093,3.5582204732387868,3.493925775451186
0.009792048599745447,3.1132674668674842,3.1034754182677387
0.1000191250415663,4.799915508036902,4.699896382995336
0.016654331822659622,3.9042330314778995,3.88757869965524
0.0901286208724061,5.004806747599949,4.9146781267275435
0.07175910414319332,4.454948365518317,4.383189261375123
0.010754753844322567,4.004815807871034,3.9940610540267114
0.014300621984297062,4.3527289069879895,4.338428285003692
0.003781167961243199,3.0620858649911695,3.0583046970299264
0.038378809448659026,2.3036694492230465,2.2652906397743875
0.0014727768364320966,4.704513974784011,4.703041197947579
0.001629452834001249,3.821626501993613,3.819997049159612
0.022842274802690226,5.222739962407976,5.199897687605286
0.0024111726059372666,5.25059492386705,5.248183751261113
0.036988456336567846,5.240969055349535,5.203980599012968
0.034513531235493854,4.6672502879834905,4.632736756747996
0.7002477325172243,1.204863964043756,0.5046162315265317
0.18748403888718704,1.9176137819546784,1.7301297430674913
0.16393387735461387,1.2400787380496938,1.0761448606950799
0.06191175600535752,1.2400787380496938,1.1781669820443363
0.02338177802856089,1.2400787380496938,1.216696960021133
0.00883043187677611,1.2400787380496938,1.2312483061729178
0.015700676606407615,1.2676989199906603,1.2519982433842527
0.0707486284148623,1.5730968434422345,1.5023482150273721
0.03721503440826739,1.25787633574156,1.2206613013332928
0.05297548599753395,1.0194422116661688,0.9664667256686348
7.642845936480191E-4,1.2212388388295807,1.2204745542359328
0.026986480406359974,1.8437148296868149,1.816728349280455
0.043566271317129035,0.511739519509512,0.468173248192383
0.037840020212066006,0.487315478903642,0.449475458691576
0.023407212039545218,0.25648883984441756,0.23308162780487235
0.037794749421115194,0.6092614885259025,0.5714667391047873
0.10129613610319194,0.9152871164657158,0.8139909803625238
0.005377864691486155,0.5442954970361548,0.5389176323446686
0.004266499907123919,0.32101703558794253,0.3167505356808186
0.03515176079293113,0.1376766632045015,0.10252490241157038
0.08990039695817162,0.019087892218384653,0.0
0.0500364131467378,0.019087892218384653,0.0
0.08159014295544602,0.0013335736553512646,0.0
0.0010767724299123,0.05301418913660288,0.05193741670669058
1.306064772946464E-4,0.03042977724934828,0.030299170772053633
0.0023413011360302956,3.896546576276133E-4,0.0
8.207035652246065E-4,0.006463182858332104,0.005642479293107497
7.025965281949896E-4,6.065406414371565E-4,0.0
0.046430895568868126,0.10411051957969025,0.05767962401082213
0.00782997478287173,0.1842818038224846,0.17645182903961287
0.033750146222822255,0.3399330286731913,0.30618288245036906
0.001012118725236997,0.11778335362201602,0.11677123489677901
0.453438645603777,1.5869826897702333,1.1335440441664564
0.40087983471105665,1.7501193692226018,1.349239534511545
0.239084015447869,1.8340469820947682,1.5949629666468992
0.06136213888323376,1.4162499482639774,1.3548878093807437
0.05442888008048182,1.1707405946293226,1.1163117145488408
5.608780516034212E-4,0.4245081747990251,0.42394729674742165
0.027333127324911593,0.34908046458729947,0.32174733726238786
0.02626318726872543,0.5905544681366937,0.5642912808679682
0.018376483342138875,0.5905544681366937,0.5721779847945547
0.012858117202935258,0.5905544681366937,0.5776963509337584
0.008996888845718443,0.5905544681366937,0.5815575792909752
0.0062951680735756875,0.5905544681366937,0.584259300063118
0.004404760551579587,0.5905544681366937,0.5861497075851141
0.0030820329640112508,0.5905544681366937,0.5874724351726824
0.002156513862676549,0.5905544681366937,0.5883979542740171
0.0015089235236028487,0.5905544681366937,0.5890455446130908
0.001055801328008249,0.5905544681366937,0.5894986668086855
7.387494639637911E-4,0.5905544681366937,0.5898157186727299
5.169066907088854E-4,0.5905544681366937,0.5900375614459847
0.012621024119487897,7.05916035277816,7.046539328658672
0.03958903584596708,2.5075103773802145,2.4679213415342476
0.15318697369614434,1.0402083853449366,0.8870214116487923
0.017642046315328872,2.0388367220772596,2.021194675761931
0.021032283203303265,0.969234952584976,0.9482026693816727
0.17654915635482907,3.595593651179417,3.419044494824588
0.5000368370231805,4.549328132485485,4.049291295462305
0.2901864801850721,4.549328132485485,4.259141652300412
0.003285768967064425,1.0263312243332119,1.0230454553661474
0.030833014026982634,0.1386027635059172,0.10776974947893456
0.015467387923341852,0.04071438557038798,0.025246997647046125
0.06021762254845403,0.7884892076966102,0.7282715851481563
0.016864470548139058,1.016853490907673,0.9999890203595339
0.41720859727449333,2.2424298372017755,1.825221239927282
0.7571894249106393,3.4014448681228475,2.644255443212208
0.7467880024371052,4.803234208749871,4.056446206312766
0.6865256158565144,3.3721372843772155,2.685611668520701
0.3997239347821,2.5234383931808577,2.1237144583987577
0.1554235410365131,1.6537784450132222,1.4983549039767092
0.2851473137453624,1.3643591697573452,1.0792118560119828
0.2522152393500781,1.3643591697573452,1.1121439304072671
0.0037954470511268623,0.34091213619411753,0.33711668914299064
6.894911823192529E-6,0.9169582371411217,0.9169513422292985
0.12991561947724437,0.3299697295101806,0.20005411003293624
0.1944471549746363,0.06551777977350949,0.0
0.0027356476238669394,0.2583096837616485,0.2555740361377815
2.1016245276216006E-7,0.11462239454948979,0.11462218438703703
0.0638493132371876,0.362148504163908,0.2982991909267204
0.0066873207120236875,0.18244101022177797,0.17575368950975429
0.005779588046567754,0.06374338426107165,0.0579637962145039
0.004920831760222216,0.06374338426107165,0.05882255250084943
3.4533689799739516E-4,0.5566623025955373,0.5563169656975399
2.589613554270578E-4,0.3597625433277478,0.35950358197232074
2.286409441533983E-4,0.3597625433277478,0.3595339023835944
0.01521986651297491,0.5928164125125659,0.577596545999591
0.010633765365588436,0.2916562291625697,0.2810224637969813
0.04997951028534957,0.14125958123773497,0.0912800709523854
0.03495410306613038,0.14125958123773497,0.10630547817160459
3.970827352377797,2.1221062929009036,0.0
1.869998703428177,1.1962020478191102,0.0
1.595304598757631,1.1962020478191102,0.0
0.4925632490019507,2.21687587247794,1.7243126234759893
0.019956032999579206,3.1035211093680344,3.0835650763684552
0.0010406318056113526,3.151121925210249,3.1500812934046376
1.965804496634434E-5,3.5111891535717303,3.511169495526764
6.014061234008658E-6,4.6914199908461995,4.691413976784966
9.78011809630524E-7,4.850089574854532,4.850088596842722
1.740356004208431E-5,4.28673800285843,4.286720599298388
5.9842030808426E-5,5.093988644809134,5.093928802778326
0.0017686361502146112,8.029700006771254,8.027931370621038
0.001067257770075704,8.522054974793688,8.520987717023612
0.0021954270028285944,6.585735206591071,6.583539779588243
0.00302744435162663,5.612921922039958,5.609894477688331
0.015457749465278057,4.144203689663059,4.128745940197781
0.007998635347398511,4.06777405609157,4.059775420744171
0.02874320780752427,2.69513139271054,2.6663881849030155
0.009067963050990498,2.3157673513610812,2.306699388310091
1.8391193338245818E-5,2.60439181728251,2.6043734260891713
0.04967043512648756,4.848529973193326,4.798859538066838
0.0065864648544925915,4.817869095405974,4.8112826305514815
0.1275711566207013,7.531218210249456,7.403647053628755
0.11656566834762638,5.511048557771567,5.394482889423941
0.10465894162384996,3.6654466338113627,3.5607876921875126
0.06375058915561273,2.2843338263039796,2.2205832371483667
0.031602097934106635,1.9210658174357305,1.8894637195016237
0.010073036029955209,2.1832589571958345,2.1731859211658793
0.0022731964733421718,1.0137269857269247,1.0114537892535824
0.14688979817642595,2.025180264138741,1.878290465962315
0.0455599159439284,2.7092771664637754,2.6637172505198468
0.0467038988073463,3.0227983656011412,2.976094466793795
0.023092562811224737,3.6931644968567654,3.6700719340455406
2.483772822275047E-5,4.586935064743185,4.586910227014962
9.129328318635415E-5,4.3447592466081355,4.344667953324949
0.006378036241790481,3.9532584312635777,3.946880395021787
0.04962152333161707,3.9295263902843027,3.8799048669526854
0.39096190233661454,5.53873133593502,5.147769433598405
0.6873827498807787,5.715588296946377,5.028205547065598
0.911371018379485,5.034865030799549,4.123494012420064
1.4588502359536129,5.153398337802786,3.694548101849173
1.630411138681015,5.108176502787121,3.477765364106106
2.493629060088412,5.436743417636222,2.9431143575478105
1.2569644997413059,1.715113402422612,0.45814890268130615
0.2268303558796194,2.048505331477233,1.8216749755976134
5.451971056265372E-5,1.6806430072690797,1.680588487558517
6.693925681033008E-4,2.814207345052915,2.8135379524848116
0.023370690289258738,1.9485902074991321,1.9252195172098734
0.027026633042263364,1.6079140516279034,1.58088741858564
2.104289526115107,1.2728618439994573E-4,0.0
1.8194336336393083E-4,2.3386921283367372,2.3385101849733734
6.750831857662071E-5,2.403050984182979,2.4029834758644024
0.00629371923895218,2.4526145498312872,2.446320830592335
0.012997836560455776,2.315864969164291,2.302867132603835
0.02188250896409579,2.30830150594154,2.286418996977444
0.0015615888497406511,2.2362858897546567,2.234724300904916
0.09848236901765199,3.3263757632494277,3.2278933942317756
0.019090686310929198,2.5501863120584214,2.531095625747492
0.0023832829138429015,2.934191695297783,2.93180841238394
0.9265960380163286,4.438975182585316,3.512379144568987
0.20431873324051075,5.3380392020046905,5.13372046876418
0.05105318894587407,4.87285419185767,4.821801002911796
0.022958523432951128,3.64609487757556,3.6231363541426087
3.500417918158129E-4,3.817181850228968,3.816831808437152
9.86450941833117E-4,3.3990273757427265,3.3980409248008936
0.004168485497984019,4.049176053636426,4.045007568138442
0.012918824804684526,2.5819108389361434,2.568992014131459
3.038244353226306E-4,3.267495826877682,3.2671920024423593
1.1909706452510901E-5,3.1712471095871737,3.171235199880721
6.3691295536349694E-6,2.7850310294552814,2.785024660325728
3.523273658449823E-5,2.9551320329496713,2.9550968002130866
1.2026115252359417E-5,3.258510626620164,3.2584986005049115
1.7307265061473754E-4,2.454575493647866,2.4544024209972513
2.880165556817145E-6,2.700610208003684,2.700607327838127
2.2953749229287666E-5,2.2230560616084545,2.223033107859225
2.09398471952621E-4,2.561481517962851,2.5612721194908983
0.00592373094228163,3.916778395570714,3.9108546646284323
0.007837165115126958,1.8961104241155464,1.8882732590004194
0.10168701097692623,5.2718296621505285,5.170142651173602
0.0026127735397462265,4.102181419607147,4.099568646067401
0.021688229023710065,2.562935013412251,2.541246784388541
0.004336024620868847,2.0155867435665313,2.0112507189456625
0.0033427725351813362,1.9721445634466432,1.968801790911462
0.0016623212057135072,2.435457892847368,2.4337955716416544
0.010991940724224202,3.510321919865965,3.499329979141741
4.032381464876008E-4,3.0628714096134293,3.0624681714669415
0.0011287022882999372,3.117096104177851,3.115967401889551
0.13489899382997259,4.951553159654481,4.816654165824509
0.09552285714564143,5.339759341632814,5.244236484487173
0.126984968385244,4.562492378214048,4.435507409828804
0.025280484467683374,3.650438811674009,3.625158327206326
0.003969857262540776,2.9107215456242024,2.9067516883616618
5.248156644263647E-5,2.761571805626819,2.7615193240603766
0.01912159214212642,2.1985081985668007,2.179386606424674
0.02564851072578933,2.0921118335675324,2.0664633228417433
0.012326301315155996,2.5288070474900937,2.5164807461749374
0.02714761826564669,4.742607913975064,4.715460295709417
0.020195728396034954,3.574506678086148,3.5543109496901133
0.0016217871235926621,7.077608358526956,7.075986571403363
0.0011725086674192829,8.894473008952675,8.893300500285255
1.4664591517133395E-5,7.0804224427816775,7.08040777819016
0.008766280699369359,6.289973020447091,6.281206739747722
1.493399292993025E-4,4.1292589280657745,4.129109588136475
0.027589245912708216,3.6318706155265477,3.6042813696138394
0.0035832629990738113,4.859579088868238,4.855995825869164
0.017130598006474786,3.568201158212578,3.551070560206103
0.014850210518952201,3.078737755996895,3.063887545477943
0.0019385125260839061,2.9817018631065446,2.979763350580461
0.001089287768196491,3.2163665633507503,3.215277275582554
0.06269934444654272,5.027574852964761,4.964875508518218
0.14084841841897286,5.745017915262653,5.604169496843681
0.025227521096326297,4.52464794379432,4.499420422697994
1.1870625797249994E-4,3.541188035783522,3.5410693295255493
7.168217673444795E-5,2.801399649258536,2.8013279670818014
6.658438950367346E-4,2.2515542514156524,2.2508884075206157
0.0029354547518587156,2.230859031315133,2.227923576563274
0.005613077074181778,1.6502275130427815,1.6446144359685997
0.004301020529851469,1.1365167948797965,1.132215774349945
0.034171296396290775,0.7561536001242293,0.7219823037279385
0.04931210708295254,0.5816009050630039,0.5322887979800514
0.667269586288948,1.239323299204169E-4,0.0
0.020412017504827594,2.0537496846999233,2.0333376671950956
0.031605172966681146,1.9982860744664197,1.9666809014997386
0.020550479409676817,2.238722964971993,2.218172485562316
0.04888091755259422,2.5942955049268765,2.545414587374282
0.10383844022344801,3.9004326336237667,3.7965941934003187
0.20192810296431288,5.5561669561345095,5.354238853170196
7.770413841744717E-4,5.50497828302861,5.504201241644435
0.2822375658020622,1.8809499612120253,1.5987123954099631
0.07793471927637731,1.8809499612120253,1.803015241935648
0.02152024111824791,1.8809499612120253,1.8594297200937773
0.001872410304425587,4.833951648700468,4.832079238396043
3.4440754155411446E-4,5.0664315302848495,5.066087122743295
0.14054552255964867,6.539172581351225,6.398627058791576
0.4752008850589064,8.792415796579919,8.317214911521011
0.315321014870786,6.9020222886949485,6.586701273824162
0.18310968586782853,3.7882346277962586,3.60512494192843
0.006328045026643789,2.6176811891081293,2.6113531440814857
0.011110935160461487,2.092597106011175,2.0814861708507135
0.09984334160566674,3.2851495356329017,3.185306194027235
0.0395170834823673,3.755435825712643,3.7159187422302757
0.026885436097813326,3.8743476883651953,3.847462252267382
0.04045994699342367,2.861746087904291,2.8212861409108676
0.0648800529495897,1.3369076772155744,1.2720276242659847
0.09539405493832172,0.4962111378036642,0.4008170828653425
0.043862289402139605,0.6584140992537234,0.6145518098515838
6.584979993754549E-6,1.3542649910190385,1.3542584060390448
0.023986249599808915,3.0605459511581525,3.0365597015583434
0.07520120222031751,2.9326364705824988,2.857435268362181
0.38747582755960563,2.463386980245146,2.0759111526855403
0.29373468192378965,2.97337052689626,2.6796358449724704
0.23286397716069288,3.852395352043348,3.619531374882655
0.5687837412143883,4.532404939058855,3.963621197844467
0.6014291449125172,4.564229694898327,3.9628005499858103
1.119327369563605,0.01479555935884425,0.0
0.802045845031628,0.01479555935884425,0.0
0.5747000877708321,0.01479555935884425,0.0
1.3276144291698666,1.8235948931581343,0.4959804639882677
0.2051796901683879,0.0850676560768208,0.0
0.17544737799494642,0.0850676560768208,0.0
0.15002353507815272,0.0850676560768208,0.0
0.12828382694892118,0.0850676560768208,0.0
0.10969439060403352,0.0850676560768208,0.0
0.09379872440803748,0.0850676560768208,0.0
0.0802064777617853,0.0850676560768208,0.004861178315035505
0.0685838652449787,0.0850676560768208,0.016483790831842107
0.058645469832394506,0.0850676560768208,0.0264221862444263
0.05014723389498823,0.0850676560768208,0.034920422181832576
0.04288046586557588,0.0850676560768208,0.042187190211244924
0.03666671539050894,0.0850676560768208,0.048400940686311865
0.03135339111620751,0.0850676560768208,0.053714264960613295
0.026810013496336646,0.0850676560768208,0.05825764258048416
0.02292501059964125,0.0850676560768208,0.062142645477179556
6.918638823743828E-7,8.104721758883276,8.104721067019394
0.050999813983609296,4.527853138306087,4.4768533243224775
0.0464158162032956,2.169866814467344,2.1234509982640484
0.001071070750645383,2.3984154359651644,2.397344365214519
0.007241278440811108,2.626947616015423,2.619706337574612
0.01321444892160601,2.452407861695486,2.43919341277388
0.027139157550838712,2.4100551232763703,2.3829159657255317
0.001218689496616715,2.206070507173535,2.2048518176769183
0.07097882369825598,5.205132049642918,5.1341532259446625
0.18574860848943742,7.1850598829166215,6.999311274427184
0.27368216511531845,8.19168876905447,7.918006603939152
0.1829150117572487,1.8300303320462796,1.647115320289031
5.807378657401608E-4,0.594583129698837,0.5940023918330968
0.02525946857682582,1.2135233943892028,1.1882639258123768
0.11271538187321882,2.1327708375775414,2.0200554557043224
0.09561075879245358,2.7223879036660925,2.626777144873639
0.014525189093054445,3.582678507682813,3.5681533185897587
0.0070077237658290525,2.9689104950783647,2.9619027713125354
6.073005620649859E-4,2.4036834780298335,2.4030761774677685
0.4983193425224949,0.14478135119384372,0.0
0.004516623865793888,1.8779761088049178,1.873459484939124
0.010798202588098629,2.502325339000215,2.4915271364121163
0.019697558823609743,2.52598645729479,2.50628889847118
0.03460284239268753,2.070838953845596,2.0362361114529084
0.0013159794858113461,3.0191459667414042,3.0178299872555927
0.1003879142913879,3.915432126015956,3.815044211724568
0.07649614832065943,4.404399276978595,4.327903128657936
0.0010807659427485741,3.8117217738816813,3.8106410079389326
0.006608804262252762,3.2921777798881338,3.285568975625881
0.05390674951014094,2.4671343359139914,2.4132275864038504
0.09951668431165071,2.0688652408943584,1.9693485565827078
0.02923309434674929,2.292351797968472,2.263118703621723
0.11658692859116665,4.628678947960043,4.512092019368876
1.1244045788964518,5.986493120045532,4.86208854114908
2.1005044926387617,7.057989816858407,4.957485324219645
2.274601168154773,5.294123076342532,3.0195219081877593
0.3790402151864919,0.5284019832325895,0.14936176804609758
2.0671596713949187E-4,1.7864676235939785,1.786260907626839
0.04290495867081472,2.596385618628541,2.553480659957726
0.06220754043632626,2.4152506693854487,2.3530431289491225
0.0348446519879289,1.0005459792530222,0.9657013272650934
0.08993487964411968,1.0308566739620701,0.9409217943179504
0.17250237413634145,1.8678642666533998,1.6953618925170584
0.14854622241587329,1.4526394960054152,1.3040932735895419
1.205951580454285,0.04862683145945709,0.0
0.7792233921491333,0.001546461587225673,0.0
0.20637962918307576,0.5218629701464378,0.31548334096336206
0.00837463711507543,1.6715224189232605,1.663147781808185
1.3578658829106268E-6,2.3693286388211234,2.3693272809552406
0.0017912853105282373,1.7432444472041766,1.7414531618936484
1.1511712235927916E-4,2.6631442366467946,2.663029119524435
9.292064331601901E-6,2.4513483773044444,2.4513390852401127
3.470877532629952E-4,2.0075920281661404,2.0072449404128774
3.084894687186336E-4,1.51800222611675,1.5176937366480314
1.2794429398208052E-4,1.622747775565222,1.6226198312712399
2.9371477258242194E-5,2.364971646420015,2.3649422749427567
2.5135393648649605E-4,2.8179223498567083,2.817670995920222
0.0013808402717903961,3.8116510500178133,3.810270209746023
4.437714415573752E-5,3.5651839075355163,3.5651395303913604
0.0013123264753488488,4.534809242999694,4.533496916524346
0.001807229430462412,5.7251933164425335,5.723386087012071
3.0677775784962463E-4,7.736546813832078,7.7362400360742285
9.364574933254717E-6,7.115486547940482,7.115477183365549
8.277057448275966E-6,7.07306949955792,7.073061222500471
1.1158161551940608E-5,7.769870892753997,7.769859734592445
0.002128936618746247,5.060059344719421,5.057930408100675
3.1596363979786274E-4,5.7134287857552835,5.713112822115486
2.190827308492094E-6,6.376719257682372,6.376717066855063
0.002526415181428426,4.348752907558829,4.346226492377401
1.403952909301171E-5,3.079908789780678,3.0798947502515848
7.644259332886427E-10,3.079908789780678,3.079908789016252
4.985961229975184E-9,3.1166957826224935,3.116695777636532
3.4402393149865475E-6,2.647399979766075,2.64739653952676
4.406882290179957E-7,2.5241610312549203,2.5241605905666913
3.017015082196086E-5,2.840013581071661,2.839983410920839
1.2540845589173727E-7,2.770009529373299,2.770009403964843
8.10774816247232E-5,2.1643817774490826,2.1643006999674577
0.0016337172561794963,3.285280953689349,3.2836472364331697
3.805615283194925E-5,3.399906494350626,3.3998684381977937
9.96743494934328E-7,3.5465015813568397,3.546500584613345
1.247438974452465E-4,4.14925879584718,4.149134051949734
5.870044882789195E-7,4.706580438847831,4.706579851843342
6.378197402276712E-7,5.666520199733789,5.666519561914049
1.1982435249317995E-5,6.541261861986826,6.541249879551577
1.0208628604671344E-4,7.607221884091199,7.607119797805153
2.070852013192958E-6,5.666520199733789,5.666518128881775
3.488351863179539E-8,5.408925809802777,5.4089257749192585
0.0026095761605772487,2.705602326177409,2.702992750016832
0.0037963174424149614,5.44311427867876,5.439317961236345
0.003746510256009363,5.98024364307545,5.976497132819441
0.004905017385695859,5.388857425561846,5.3839524081761505
0.0010730663524798772,4.733221048843919,4.732147982491439
0.004930456016152719,4.138578754402937,4.133648298386785
6.293548286790281E-4,3.846312227746373,3.845682872917694
0.003506689689071631,3.1110737230005503,3.107567033311479
8.529260623624062E-5,2.724050473733806,2.72396518112757
9.946763891444716E-7,3.0520238702539473,3.052022875577558
1.9807376062652177E-7,2.9434724929127327,2.943472294838972
1.0892885083693518E-6,3.296643110516629,3.296642021228121
5.742865943709017E-4,4.26610970101138,4.265535414417009
0.004559649067527067,4.955847606659459,4.951287957591932
0.0026238423982252487,7.305461777482763,7.302837935084537
3.194250371683596E-4,8.507898203376602,8.507578778339433
2.1908099248343137E-5,6.95125613798148,6.951234229882232
0.001627074921157543,5.963252875399495,5.961625800478338
0.002033680529213758,5.060027939891294,5.057994259362081
2.279004431726741E-4,4.760155952180942,4.759928051737769
8.983550284333557E-4,5.825742487856061,5.824844132827628
1.2542907451328544E-4,7.645510677976877,7.645385248902364
1.653921331993026E-4,6.376684002956836,6.376518610823636
0.0022190585157026666,5.9753058570833835,5.973086798567681
1.252528732443179E-4,6.077917578718875,6.07779232584563
4.570658193621209E-4,4.700841737694353,4.700384671874991
8.175363543070979E-4,4.035718221276536,4.034900684922229
0.004735220752815366,4.386901235781618,4.382166015028803
0.007772762705654526,4.190853099364719,4.1830803366590645
0.0022121603955647436,3.3514692897442324,3.3492571293486675
0.0027907924123713465,5.036543885812416,5.033753093400045
0.002539670811254663,5.641958405668716,5.639418734857461
0.002911708181235611,4.853698780536241,4.850787072355005
0.005552355138116462,3.9153071472620673,3.909754792123951
1.73564450410619E-6,3.4602233726194025,3.4602216369748984
5.811806778608673E-4,3.0127930717431535,3.0122118910652924
0.0015699350293328247,3.223639655469537,3.222069720440204
0.016043013662934823,3.594465827784435,3.5784228141214998
0.12389520464139267,1.083757854464172,0.9598626498227792
0.21812736322691234,3.106241329404662,2.8881139661777495
0.062329014811397666,2.77528521866409,2.7129562038526926
0.01946285474299943,1.5696669888616746,1.5502041341186752
0.0017001124685771423,0.596256970579553,0.5945568581109758
0.013679416149541617,0.6633728285901668,0.6496934124406252
0.02830585332046118,0.41701044502368884,0.38870459170322763
0.0053676529859230365,0.6609020875242004,0.6555344345382774
0.0016863763473358372,4.061058740361904,4.0593723640145685
4.532771956193174E-6,4.061058740361904,4.061054207589948
0.016872372807758617,5.38275995652845,5.365887583720692
0.020771296074971735,6.998685615037709,6.977914318962737
0.006157153270744653,3.2951110552359686,3.288953901965224
0.03002001867981011,2.292785262661625,2.262765243981815
0.015423980417125357,2.804219110285622,2.7887951298684968
0.004109176906412121,2.6659752038893467,2.6618660269829344
2.1436167734223185E-5,3.7476484839500257,3.7476270477822915
8.028260734100646E-4,4.7057537987724345,4.704950972699025
2.5458646330243966E-4,5.106903639141031,5.106649052677728
0.0023179291977690085,3.8305125992061613,3.828194670008392
0.009285190846360387,3.979905734503188,3.970620543656828
0.009045408213110468,3.9303094625019566,3.921264054288846
0.1906574358523001,0.6543276548151027,0.4636702189628026
0.0486537648010415,0.6846912226778031,0.6360374578767616
0.0013565006070901029,1.1854534218624697,1.1840969212553796
1.3560890560399225E-4,1.318014309884243,1.317878700978639
3.054509302034541E-4,1.440957388156482,1.4406519372262787
8.945066302695605E-6,1.9379792142019936,1.9379702691356908
9.69213290230701E-6,2.0763863310707045,2.076376638937802
8.703905659580372E-8,2.116773969712913,2.1167738826738565
7.814759465378143E-6,2.665248342718592,2.6652405279591265
7.378150527907672E-8,2.563872495485991,2.5638724217044855
9.419851324985933E-9,2.4317622005067254,2.4317621910868743
9.679236908503001E-8,2.3349726052704294,2.33497250847806
1.3165493617723278E-5,2.026536163042767,2.0265229975491494
2.3883798400356385E-6,1.9382638929424634,1.9382615045626232
6.276613889335555E-4,1.3028450486544725,1.302217387265539
0.024160800270438314,4.76936035289057,4.745199552620131
7.367005608699121E-4,2.5263098981142877,2.5255731975534177
0.001022436779216302,2.4978681824958207,2.4968457457166044
2.8128185074702765E-5,2.461905157424116,2.4618770292390413
1.2827540386760964E-4,2.71169015943925,2.711561884035383
1.174986913712402E-5,2.8427066141835335,2.8426948643143963
2.9599039692934225E-4,2.703303572767571,2.703007582370642
0.025179849603466344,4.334964232761187,4.30978438315772
