-2.8487319312600734,-2.6614725328746496,-2.6011521035492224
-2.8487319312600734,-2.813036323362786,-2.736998356575658
-3.3960882832518644,-3.275249853431877,-5.057550072362945
-2.8487319312600734,-2.3200383951888384,-3.0367067174134776
-2.8487319312600734,-2.499727694837527,-3.03325074501607
-2.8487319312600734,-2.647955667697044,-3.0785669104328157
-1.9182261328740287,-2.377686293456387,-3.089037070848841
-1.9182261328740287,-2.14734904947267,-2.9217803365743307
-1.9729617680732077,-2.0598207369580903,-2.8451150358437918
-1.9729617680732077,-2.0162104951688087,-2.8032957401139744
-1.9729617680732077,-2.0911973410628253,-2.9809408402254673
-1.9729617680732077,-2.149655151228539,-3.298051754918887
-2.9582032016584314,-2.134171259990909,-2.7233176074993515
-2.9582032016584314,-2.3973974540985985,-2.7233176074993515
-2.8487319312600734,-2.109100754509607,-2.096334901223494
-2.8487319312600734,-2.292946912115857,-2.096334901223494
-2.8487319312600734,-2.4310954156358124,-2.096334901223494
-2.8487319312600734,-2.5349050860325044,-2.096334901223494
-2.8487319312600734,-2.6129113430189443,-2.096334901223494
-2.8487319312600734,-2.6715280027750326,-2.096334901223494
-2.027697403272387,-2.3873884695348075,-2.1863742213589332
-2.027697403272387,-2.2200967618535454,-2.0261725723925617
-2.027697403272387,-2.19297435655126,-2.0261725723925617
-1.6445479568781332,-2.5762858960588453,-2.6081458429230793
-1.3161341456830584,-2.1969706080358,-2.454897036041043
-1.4256054160814167,-2.0490363050287996,-2.5037100711447176
-1.4256054160814167,-2.0789975992026166,-3.0507350934507116
-2.246639944069103,-1.9013427941543282,-2.6185546574048226
-2.246639944069103,-2.241255171415212,-3.1202839629388315
-2.246639944069103,-2.354841789374791,-3.3922423013735887
-2.684525025662536,-2.560208775356527,-3.51763884262876
-2.3561112144674614,-2.4170824405387186,-3.385248561999732
-2.629789390463357,-2.5217086751102387,-3.3956982737709964
-2.629789390463357,-2.559818633978772,-3.3747579529389466
-2.629789390463357,-2.612113135230901,-3.4165976973135246
-2.629789390463357,-2.560821388991868,-3.2702608352263036
-2.575053755264178,-2.5308762608779056,-3.1831662713692612
-2.575053755264178,-2.261283353870586,-2.5666332768646685
-2.7939962960608944,-2.6349544609682827,-2.981104429383551
-2.7939962960608944,-2.723982938002386,-3.036849857926801
-2.7939962960608944,-2.755665836187629,-3.047299569698065
-2.7939962960608944,-2.774987293769657,-3.0647021235536647
-2.7939962960608944,-2.7822862694462134,-3.0647021235536647
-2.3013755792682824,-2.547402185662688,-2.956667238864573
-2.3013755792682824,-2.4358982851236277,-2.911351073447827
-1.535076686479775,-2.094747545100411,-2.7893900559453026
-1.9182261328740287,-1.952635926278596,-2.6186160033391035
-1.9182261328740287,-1.8636756040160394,-2.4826879557336263
-1.9182261328740287,-1.7974625190859492,-2.34680080541767
-1.9182261328740287,-1.8210639361549656,-2.34680080541767
-1.3708697808822377,-1.8095414545467978,-2.5001314068787472
-2.137168673670745,-1.828857069560962,-2.3956342891661047
-2.027697403272387,-1.892833082867433,-2.437433136251162
-1.8634904976748494,-1.922621153751002,-2.5105811186500118
-2.191904308869924,-2.008751406296261,-2.510683361873814
-1.7540192272764912,-1.9131786912147415,-2.447964642601468
-1.6445479568781332,-1.737729246572924,-2.252794296765812
-2.191904308869924,-1.7693619542654493,-2.1796054170774415
-2.191904308869924,-1.861401126492578,-2.210954552391234
-2.4108468496666404,-2.1202601571672663,-2.427003873124658
-2.629789390463357,-2.4225358637600225,-2.702254594798739
-2.684525025662536,-2.262554212323161,-2.326064971033225
-2.684525025662536,-1.2135160494484762,-0.5705133934608253
-2.684525025662536,-2.725098072683825,-2.6570202239610348
-2.7939962960608944,-2.8429120380366504,-2.799880665006088
-2.739260660861715,-2.7869099697635242,-2.726753131251998
-2.4655824848658194,-2.6409971289992864,-2.740577020841628
-2.4655824848658194,-2.6160018087374617,-2.7719466048001817
-2.137168673670745,-2.390857405397337,-2.6569179807372323
-0.8782490640896257,-1.9554967602887512,-2.534956963234708
-0.11195017130111826,-1.4972991712752377,-2.41994878781652
-0.8782490640896257,-1.3511252164525975,-2.38160591312887
-0.8235134288904465,-1.1839396683084213,-2.221302020938696
-0.8235134288904465,-1.132850563791644,-2.2178460485412885
-0.22142144169947647,-0.9671382298167169,-2.1342483543711745
-0.3856283472970138,-0.8304891065586817,-2.0958236851044827
-0.3856283472970138,-0.7097326574104798,-1.9320229232273807
-0.549835252894551,-0.7339950461116594,-2.074903812917194
-0.549835252894551,-0.7917963621677896,-2.315410772814356
-0.44036398249619285,-0.6905611144313609,-2.1760063041667106
-0.7140421584920884,-0.6423369163241249,-1.9530041413489507
-1.0971916048863422,-0.7178339032802388,-1.9669711714519043
-0.7140421584920884,-0.6342738513578268,-1.6533775750901731
-1.1519272400855212,-0.664760401937115,-1.4444242369544085
-1.4803410512805957,-0.7939974378375916,-1.712640321965112
-1.4803410512805957,-0.8003452568163325,-1.5105784799794018
-1.7540192272764912,-0.7774580698066669,-1.1935698085097843
-2.4655824848658194,-1.0002089093162478,-1.4513770790387444
-2.4655824848658194,-1.1267838478522334,-1.4270216830988085
-2.246639944069103,-0.9752009437050362,-1.01586336246401
-2.082433038471566,-0.8558550141378901,-0.6918200543310152
-1.9729617680732077,-0.4901307952428634,0.23849057433815224
-2.246639944069103,-0.9904534629765686,-0.5038274856720604
-2.5203181200649984,-1.5589824788645055,-1.8204911688513599
-2.5203181200649984,-1.6749182639837634,-1.8204911688513599
-2.5203181200649984,-1.8613181238870677,-1.9876865571915883
-2.246639944069103,-1.9163298907224515,-1.9876865571915883
-2.246639944069103,-2.32368929154026,-2.5001723041682684
-2.137168673670745,-2.10053998997384,-2.262998624799951
-1.8087548624756704,-1.9441913604942136,-2.0122055422896086
0.21646363989395634,-1.6800496232825755,-2.099381900725693
0.21646363989395634,-1.304097044403488,-1.6812298407170378
-0.549835252894551,-1.1191480418140265,-1.4024004547769864
-0.549835252894551,-1.1812522366155895,-1.6568744447771018
-1.8087548624756704,-1.2263588198546296,-1.594176174149516
-1.535076686479775,-1.4257394156917824,-2.0750265047857566
-0.44036398249619285,-1.328764880624004,-2.433977163853754
-0.33089271209783466,-1.1054237409375633,-2.371217547291887
-0.33089271209783466,-0.9473594173922719,-2.423466106148209
-0.33089271209783466,-0.8188508915965772,-2.388640549792248
-0.27615707689865554,-0.7130444284721108,-2.2840411888558028
-0.44036398249619285,-0.6717779799959369,-2.106355191454789
-0.7687777936912674,-0.6957839426627432,-1.657017585290425
-0.05721453610193916,-0.6149858308858148,-1.72994063259691
-0.05721453610193916,-0.5542173453106496,-1.72994063259691
-0.9877203344879839,-0.6020168875095319,-1.7717803769714882
-1.7540192272764912,-0.7842919448083139,-2.2387250234390565
-2.629789390463357,-1.1345730967677448,-2.3536718529229637
-2.684525025662536,-1.49928878255046,-2.3643464997865933
-2.739260660861715,-1.6631181612301147,-2.231853975933763
-2.629789390463357,-1.7813093792434314,-2.1586446476006316
-2.629789390463357,-1.9807412248974232,-2.294490900627067
-2.137168673670745,-2.2071486307486987,-2.6395358755263927
-2.137168673670745,-2.174571730017303,-2.5559790786458
-1.4256054160814167,-1.897535036796612,-2.3746735196892947
-0.6045708880937302,-1.379549377191672,-1.6950741789514283
-1.6992835920773122,-1.3941205465028845,-1.667181016035043
-1.6992835920773122,-1.1504809091436314,-0.935701192046543
-1.589812321678954,-0.9297995164437627,-0.2564699269143646
-1.9182261328740287,-0.798853861769755,0.09207191767188971
-1.4803410512805957,-0.8514595888814884,0.09207191767188971
-1.4803410512805957,-0.9844008629645836,-0.09264871639250177
-0.002478900902760059,-1.0583703183004833,-0.40624231275423256
-0.16668580650029735,-1.2374018495035433,-1.0786025303811169
-0.9329846992888048,-1.4958945243293762,-1.984496417176067
-1.535076686479775,-1.5567101745235299,-2.2352894996864094
-1.535076686479775,-1.5529216963011865,-2.2352894996864094
-1.535076686479775,-1.5497966602020983,-2.2352894996864094
-1.4803410512805957,-1.5340158565053748,-2.1935111012461133
-1.4803410512805957,-1.5248058349782447,-2.1935111012461133
-1.4803410512805957,-1.5171761544728468,-2.1935111012461133
-1.3161341456830584,-1.4417715568076719,-1.9740671540495631
-1.3161341456830584,-1.4234410258936965,-1.9740671540495631
-1.3161341456830584,-1.4077849242009257,-1.9740671540495631
-1.3161341456830584,-1.3944130518113762,-1.9740671540495631
-1.3161341456830584,-1.3829921390764415,-1.9740671540495631
-1.8634904976748494,-1.5570393483265568,-2.4094786274004947
-1.7540192272764912,-1.6225918247988869,-2.524425456884402
-1.8087548624756704,-1.8331960888448293,-2.9880777201126474
-2.4108468496666404,-2.186604893278536,-3.5419124439896543
-2.5203181200649984,-2.427147968551767,-3.7440969778439275
-2.5203181200649984,-2.481064078342471,-3.7440969778439275
-2.5203181200649984,-2.503779778476758,-3.7440969778439275
-2.684525025662536,-2.429642314452295,-3.127461740115532
-2.575053755264178,-2.45866690441608,-3.0507964393849933
-2.191904308869924,-2.3567702559309924,-3.061246151156258
-2.191904308869924,-2.3006770455313754,-3.0821660233435466
-1.8634904976748494,-2.114322134262755,-3.036849857926801
-1.9182261328740287,-2.0356480337796703,-3.0159504343842722
-1.9182261328740287,-1.9845418753193171,-2.9915541411548148
-2.191904308869924,-2.061463153073688,-2.9915541411548148
-1.9729617680732077,-2.047513426200527,-3.0960512588674582
-1.9729617680732077,-2.0611615349297487,-3.346864790022561
-2.246639944069103,-2.1982128860236463,-3.555940820026889
-2.246639944069103,-1.824775608178442,-2.649515268468167
-2.4108468496666404,-1.946990139774915,-2.576367286069317
-2.739260660861715,-2.4143543473689006,-2.9427411060511406
-2.7939962960608944,-2.5389158081360566,-2.921841682508612
-2.4108468496666404,-2.501134872177822,-2.9427411060511406
-2.4108468496666404,-2.482265016517621,-2.984539953136198
-2.4108468496666404,-2.512583456893454,-3.137891003242036
-2.4655824848658194,-2.4822059063802393,-3.089139314072643
-2.191904308869924,-2.346625238848535,-3.0264001461555363
-1.9729617680732077,-2.184119559518741,-2.942761554695901
-1.6445479568781332,-1.958662490621887,-2.7650346600053664
-0.9877203344879839,-1.6507518169371966,-2.59080463500176
-1.4256054160814167,-1.6089625020365335,-2.7023772866673017
-1.8634904976748494,-1.8642464752576655,-3.580173524098262
-1.8634904976748494,-1.8638820696792318,-3.580173524098262
-1.8634904976748494,-1.8636933193432443,-3.580173524098262
-1.8634904976748494,-1.8635955527572103,-3.580173524098262
-1.8634904976748494,-1.8635449128190356,-3.580173524098262
-1.8634904976748494,-1.8635186829644164,-3.580173524098262
-1.4256054160814167,-1.545902263698108,-2.6114995720966845
-1.2066628752847002,-1.4573029996660343,-2.5592714618851233
-1.2066628752847002,-1.4002282182765755,-2.5592714618851233
-1.1519272400855212,-1.3662276241174962,-2.872987750115417
-1.4803410512805957,-1.449878773716412,-3.221427351477869
-2.191904308869924,-1.8024122206959192,-3.33300000314341
-2.629789390463357,-2.4017828927642553,-4.08184148369799
-3.0129388368576104,-2.7513341346710773,-3.97037107525625
-3.0129388368576104,-2.81850783941043,-3.76117235338336
-3.0129388368576104,-2.9617853404296866,-3.862315741922398
-1.7540192272764912,-2.3023999019297454,-3.4721181907644096
-2.137168673670745,-2.2651596838829575,-3.6672885366000654
-2.3561112144674614,-2.327799909580775,-3.740456967643676
-2.5203181200649984,-2.3467569711528715,-3.482547453890913
-2.7939962960608944,-2.6800160064895953,-3.831089298477168
-2.9582032016584314,-2.7875948676068614,-3.6777791456608506
-2.9582032016584314,-2.597183843665711,-2.894050762816029
-2.9034675664592524,-2.708466756986149,-2.894050762816029
-2.9582032016584314,-3.07222919936368,-3.7439947346201254
-2.739260660861715,-2.786830846249821,-3.336374180961776
-2.4655824848658194,-2.563602848721758,-3.106337381480639
-2.4655824848658194,-2.528880687117669,-3.106337381480639
-2.027697403272387,-2.317773023836208,-3.0087317599180503
-2.246639944069103,-2.331705381718229,-3.1167461959623823
-2.246639944069103,-2.3019169003662565,-3.1167461959623823
-1.2613985104838794,-1.9426852555802518,-3.2038407598194247
-1.2613985104838794,-1.690094437247472,-3.2038407598194247
-1.2613985104838794,-1.531153057958157,-3.2038407598194247
-1.2613985104838794,-1.4140202257733852,-2.9670556047015557
-1.2613985104838794,-1.3626874227310795,-2.9670556047015557
-1.0971916048863422,-1.237032330211162,-2.569721173656388
-0.6593065232929093,-1.1012182406714839,-2.817201424282646
-0.9329846992888048,-1.0503774957763021,-2.768408837823732
-1.2613985104838794,-1.1011161133989478,-2.6986759305327688
-1.3161341456830584,-1.1372453205412356,-2.545345329071691
-1.3161341456830584,-1.1961104447844442,-2.6708441135506646
-1.2613985104838794,-1.2151586874183622,-2.6882671160510254
-1.0971916048863422,-1.1799376653360734,-2.639494978236872
-1.0971916048863422,-1.1589296776971094,-2.639494978236872
-1.0971916048863422,-1.1432553040361426,-2.639494978236872
-1.0971916048863422,-1.131560419505273,-2.639494978236872
-1.0971916048863422,-1.1228346913104066,-2.639494978236872
0.32593491029231453,-0.7918935645446311,-2.3608291814549047
0.49014181588985184,-0.5160900376030989,-2.594035672306803
0.49014181588985184,-0.28466984695511516,-2.594035672306803
-0.8235134288904465,-0.41191653096026554,-2.531337401679217
-0.8235134288904465,-0.5020579151411014,-2.531337401679217
-0.27615707689865554,-0.41229825837812833,-2.8657281783596744
-0.27615707689865554,-0.39705118987314225,-2.6776333664769174
-0.27615707689865554,-0.4082634350758625,-2.371115304068085
-0.9329846992888048,-0.5229971535896825,-2.162100619998039
-0.9329846992888048,-0.5903536750313707,-2.1551273292689426
-1.4256054160814167,-0.7230629973954275,-2.137745224058103
-1.4256054160814167,-0.8362360127024179,-2.137745224058103
-1.9729617680732077,-1.0692114352010036,-2.440786865424767
-2.191904308869924,-1.3547500768076015,-2.548985339271943
-2.575053755264178,-1.7467119969159666,-2.7963224493848777
-2.575053755264178,-1.965019181498931,-2.775361679908068
-2.575053755264178,-2.1359128680275727,-2.775361679908068
-2.575053755264178,-2.2278090655053138,-2.6917639857379534
-2.5203181200649984,-2.373832084699271,-2.8798587976207113
-2.5203181200649984,-2.45232830444442,-2.9356451234534817
-2.5203181200649984,-2.5572750552218784,-3.130795020644377
-2.5203181200649984,-2.5721856703273285,-3.23529213835702
-2.3561112144674614,-2.478048723267142,-3.2143722661697307
-2.3013755792682824,-2.4233625339083136,-3.2805469578394844
-2.027697403272387,-2.3142020206119547,-3.6115840053463364
-1.9182261328740287,-2.1114752405216035,-3.583690842429951
-1.9182261328740287,-1.9851516655945844,-3.332897759919608
-1.9182261328740287,-1.965207012980992,-3.395596030547194
-1.4256054160814167,-1.7098339329831416,-3.14476205074733
-1.1519272400855212,-1.4871294562100978,-2.9671169506358375
-0.9329846992888048,-1.2956918978088463,-2.813745451885239
-0.9329846992888048,-1.1884481790969612,-2.806751712511382
-1.2613985104838794,-1.1931359122451994,-2.635977659905183
-1.2613985104838794,-1.1929865066435885,-2.4687822715649546
-2.3561112144674614,-1.4428691804500837,-2.437433136251162
-2.629789390463357,-1.8354308486550897,-2.8240724717879404
-2.629789390463357,-2.0593199912473237,-2.8240724717879404
-2.629789390463357,-2.2201062079786755,-2.8240724717879404
-2.7939962960608944,-2.604068996563312,-3.211038985640886
-2.739260660861715,-2.698371296238713,-3.322529842727386
-2.739260660861715,-2.638174944559466,-3.16214415595817
-2.7939962960608944,-2.737469587720244,-3.20406569491179
-2.629789390463357,-2.650999301898395,-3.1064600733492016
-2.4655824848658194,-2.5717929354330225,-3.068158095951073
-2.4655824848658194,-2.500569688686044,-2.9775666624071015
-2.4655824848658194,-2.2377707906554627,-2.4965527426127774
-2.191904308869924,-2.3130921500745774,-2.622133321670793
-2.3013755792682824,-2.3927798827437186,-2.810330376777352
-2.082433038471566,-2.2722574360424037,-2.7406383667759098
-2.082433038471566,-2.216113614015224,-2.7406383667759098
-2.082433038471566,-2.1765752905022335,-2.7406383667759098
-2.082433038471566,-2.1487311044498307,-2.7406383667759098
-1.9729617680732077,-2.096744307886011,-2.7406383667759098
-1.9729617680732077,-2.0601334982416453,-2.7406383667759098
-1.9729617680732077,-2.0463878628272294,-2.7650960059396477
-1.9729617680732077,-1.9984818768389874,-2.6884102565643486
-2.027697403272387,-2.003123517259264,-2.6675312816665806
-2.191904308869924,-2.058833026754969,-2.6675312816665806
-2.191904308869924,-2.078825950364537,-2.6222151162498344
-2.191904308869924,-2.0798921366287217,-2.528167710308456
-1.9182261328740287,-2.030708268208776,-2.5072682867659277
-2.4108468496666404,-2.0914833264344757,-2.4897021437522433
-2.4108468496666404,-2.1644065038852385,-2.4897021437522433
-2.4108468496666404,-2.220678469088291,-2.4897021437522433
-2.4108468496666404,-2.264101344757025,-2.4897021437522433
-2.4108468496666404,-2.29760908035038,-2.4897021437522433
-2.3561112144674614,-2.19291749884538,-2.1797485575907647
-1.8634904976748494,-1.9850052188444272,-1.9044364899824022
-1.8634904976748494,-1.8884282755609691,-1.7267913898709093
-2.4108468496666404,-2.1914188627708766,-2.165761078843051
-2.191904308869924,-2.163866261510056,-2.103062808215465
-2.191904308869924,-2.1688871350829273,-2.103062808215465
-2.191904308869924,-2.1730089028403623,-2.103062808215465
-2.137168673670745,-2.152716473109129,-2.071713672901672
-2.137168673670745,-2.149983162143429,-2.071713672901672
-2.137168673670745,-2.1477303686210387,-2.071713672901672
-1.6992835920773122,-2.0652738260551256,-2.071693224256912
-1.7540192272764912,-1.939634961912102,-1.894048124145419
-1.6992835920773122,-1.7993620023547616,-1.6988777783097633
-1.8634904976748494,-1.8165432587684394,-1.7510649912318035
-1.7540192272764912,-1.8272474161328935,-1.7754817331060209
-2.191904308869924,-1.8715520525785565,-1.7754817331060209
-2.191904308869924,-1.9305783072980192,-1.817280580191078
-2.3561112144674614,-2.1631786896373066,-2.183020492185328
-2.684525025662536,-2.357318541785948,-2.3920147276106136
-2.7939962960608944,-2.437561536484554,-2.381565015839349
-2.8487319312600734,-2.5749871666248403,-2.486062133551992
-2.739260660861715,-2.8697628542049296,-2.852190569796691
-2.739260660861715,-2.8216214954109513,-2.8417408580254264
-2.739260660861715,-2.793976152463485,-2.8417408580254264
-2.684525025662536,-2.7652652536254094,-2.8626402815679546
-2.684525025662536,-2.737889655687406,-2.8626402815679546
-2.3013755792682824,-2.6006908060422886,-2.8974658379239155
-2.575053755264178,-2.7287607755733747,-3.332897759919608
-2.739260660861715,-2.774176071455721,-3.4549201233564135
-2.9034675664592524,-2.8910787012454757,-3.653464647010435
-2.9034675664592524,-2.897711796980835,-3.653464647010435
-2.8487319312600734,-2.7651289653254665,-3.2668253114736565
-2.8487319312600734,-2.8029452360460336,-3.2668253114736565
-2.684525025662536,-2.7297312140559153,-3.2006301711591427
-2.8487319312600734,-2.757190025473634,-3.1274821887602924
-2.629789390463357,-2.700373621788529,-3.1170324769890283
-2.4655824848658194,-2.5932040812565096,-3.0856833416752356
-2.3561112144674614,-2.4692977467207173,-2.9916359357338567
-2.191904308869924,-2.3478600956966336,-2.9498370886488
-2.191904308869924,-2.2868170917910082,-2.9498370886488
-2.3561112144674614,-2.2245162824885893,-2.6676948708246644
-2.3013755792682824,-1.9605791082421797,-2.0472355850931736
-1.9729617680732077,-1.4467770234410258,-1.0436133848670723
-3.122410107255969,-4.8415913306274625,0.17419715798635993
-3.122410107255969,-2.4225443238981637,-3.092390800022446
-3.3960882832518644,-3.424213045466325,-5.057550072362945
-3.122410107255969,-1.3158853371448767,-1.211442681194875
-3.122410107255969,-2.7129599988206903,-2.6012543467730245
-3.122410107255969,-3.2100402876281904,-2.9494076671088303
-3.06767447205679,-3.28174621183711,-3.2420609426385116
-3.0129388368576104,-2.5986448913988727,-2.3538354420810474
-2.8487319312600734,-3.2182708322631837,-3.2629603661810402
-2.8487319312600734,-3.090646016235547,-3.7508453334806586
-2.739260660861715,-2.9064865164373206,-3.7508453334806586
-2.739260660861715,-2.8188441902983423,-3.7508453334806586
-2.739260660861715,-2.817151807858859,-3.8866915865070943
-2.739260660861715,-2.7734592699122746,-3.8866915865070943
-1.4256054160814167,-2.017389319406682,-3.8866915865070943
-1.535076686479775,-1.6872027777797443,-3.479152827427787
-1.589812321678954,-1.672570770381203,-3.5139579351389876
-1.8087548624756704,-1.5462138597785495,-2.9461970784485487
-1.8087548624756704,-0.6519212111324905,0.6903026179514218
-2.082433038471566,-1.61824994668155,-2.423711489885334
-2.027697403272387,-1.7265479698161872,-2.423711489885334
-2.575053755264178,-2.0250351037769274,-2.6431554370818837
-2.5203181200649984,-2.094955464499224,-2.196987522288281
-2.629789390463357,-2.2732396096902807,-2.3955115972975416
-2.629789390463357,-1.3498334875774307,0.38411173385875713
-2.575053755264178,-2.0956829271910085,-1.7267300439366278
-2.575053755264178,-2.152822153560016,-1.7267300439366278
-2.629789390463357,-2.537629792893766,-2.719616251364818
-2.629789390463357,-2.5623617065357958,-2.719616251364818
-2.4655824848658194,-2.536390072372818,-2.719616251364818
-2.4655824848658194,-2.5173881758193826,-2.719616251364818
-2.4655824848658194,-2.503485620810267,-2.719616251364818
-2.082433038471566,-2.372460570313396,-2.5976347852175334
-1.0971916048863422,-1.3384447509174067,0.20274482896797086
-1.2613985104838794,-2.0879301230944654,-2.5732998379223577
-1.589812321678954,-1.970120365315945,-2.4443450810459764
-1.7540192272764912,-1.9270132100170887,-2.385082334171038
-1.535076686479775,-1.7205881864987067,-1.3992307634062253
-1.4256054160814167,-1.751887228515646,-1.9008987230059529
-1.6445479568781332,-1.777019722968913,-2.3050224069773733
-1.7540192272764912,-1.7808639261584858,-2.1272546149973177
-1.8087548624756704,-1.7415773678092945,-1.7753999385269792
-1.3161341456830584,-1.7199329598736457,-2.14118074781075
-1.3161341456830584,-1.6638459327286124,-2.0226961513503934
0.32593491029231453,-1.409267963673594,-1.9529836927041904
-0.22142144169947647,-1.3371912848782488,-1.594073930925714
-1.8087548624756704,-1.382565190527771,-1.7403698957234137
-2.191904308869924,-1.5001000980523522,-2.064310960632606
-2.191904308869924,-1.6228582605450896,-2.1792577901165133
-0.7140421584920884,-0.9509604491993798,1.634600725368303
-0.7140421584920884,-0.8405423486709922,1.634600725368303
-1.8087548624756704,-1.6352390637939158,-2.3676388830259167
-1.9182261328740287,-1.6622043076876458,-2.3677002289601985
-2.4108468496666404,-1.8336032580760873,-2.4722177953176017
-2.629789390463357,-2.142148589988096,-3.0297334266843814
-2.739260660861715,-2.390737859783322,-3.155129967939552
-2.629789390463357,-2.5218286787506248,-3.3851463187759294
-2.191904308869924,-2.411490847028052,-3.709107832329883
-2.082433038471566,-2.2124177465426946,-3.548906183363511
-2.082433038471566,-2.0149617485624374,-2.8696749182313326
-1.8087548624756704,-1.9403618909594167,-2.8696749182313326
-1.2066628752847002,-1.7248168415007927,-3.332897759919608
-0.8782490640896257,-1.4873621503696133,-2.8485096623069177
-0.33089271209783466,-1.1565852803697345,-2.7544622563655397
-0.7687777936912674,-1.0017031216514494,-3.0540888226243172
-0.7687777936912674,-0.9236288170450281,-2.9809408402254673
-0.7140421584920884,-0.9182815206821489,-2.8310662111617972
-0.7140421584920884,-0.7562641651556228,-3.148197574499977
-0.7140421584920884,-0.745189618073684,-3.238748110754427
-0.9329846992888048,-0.9140954339785268,-2.667326795218976
-0.8782490640896257,-0.9049990422093899,-2.667326795218976
-1.2066628752847002,-0.9810183356488669,-2.6464273716764475
-1.535076686479775,-1.1196546731161034,-2.6464273716764475
-0.495099617695372,-0.9617546670980406,-2.667326795218976
-0.33089271209783466,-1.2491293433385435,-1.8621877727126146
-1.1519272400855212,-0.8273566892363469,-2.716221624901692
-2.082433038471566,-1.1877267472049635,-2.7301477577151245
-2.246639944069103,-1.4888624100927976,-2.7092278855278353
-2.246639944069103,-1.6989818950963844,-2.7092278855278353
-2.246639944069103,-1.8585844754234675,-2.7475503115707243
-2.246639944069103,-1.969168439987042,-2.7475503115707243
-2.137168673670745,-1.9934528235784188,-2.618636451983864
-2.137168673670745,-2.0304637177075824,-2.618636451983864
-2.137168673670745,-2.0579432603305605,-2.618636451983864
-2.137168673670745,-2.0783460439037644,-2.618636451983864
0.4354061806906727,-1.5657434333506728,-1.2424237409029795
0.5996130862882101,-1.3768530013444753,-2.2596448956263457
1.0374981678816428,-0.8541295352390571,-2.406043103647848
0.7090843566865682,-0.4857546423805366,-2.482708404378387
0.10699236949559814,-0.2843199080483453,-2.566387893127543
-0.002478900902760059,-0.31105432821437595,-2.433915817919473
0.544877451089031,-0.3660760252364112,-2.1063142941652684
0.21646363989395634,-0.7710062611392069,-1.301400206751272
-1.3161341456830584,-1.0237199613081411,-0.6639677887041507
-1.9729617680732077,-1.0714643045028793,-0.6639677887041507
-2.739260660861715,-1.1553500341972918,-0.6639677887041507
-2.575053755264178,-1.2267573628783393,-0.6639677887041507
-2.684525025662536,-1.266286255909531,-0.7684649064167935
-2.684525025662536,-1.339366010419829,-0.7684649064167935
-2.684525025662536,-1.6235934810541952,-1.6145234842835121
-2.137168673670745,-1.7276759467946212,-1.6145234842835121
-2.137168673670745,-1.8106647930799982,-1.6145234842835121
-2.137168673670745,-1.8768349069294716,-1.6145234842835121
-2.137168673670745,-1.9295948157947649,-1.6145234842835121
-2.137168673670745,-1.9716622662121286,-1.6145234842835121
-2.137168673670745,-2.0052042192343693,-1.6145234842835121
-2.137168673670745,-2.031948474029564,-1.6145234842835121
-2.137168673670745,-2.053272669554971,-1.6145234842835121
-1.3161341456830584,-0.6809959486812402,-2.723235812920309
-1.3161341456830584,-0.8723733888377114,-2.7545849482341023
-1.3161341456830584,-1.0060893582098775,-2.7545849482341023
-0.7687777936912674,-0.8752674149795266,-2.8452172790675947
-0.7687777936912674,-0.8427594751021507,-2.9497143967802373
-0.7687777936912674,-0.8167311019275693,-2.9497143967802373
-1.3161341456830584,-1.0489470678992232,-2.8590616173019847
-1.3161341456830584,-1.1203364319501983,-2.7441147878180776
-1.3161341456830584,-1.1568695424148039,-2.5560199759353206
-2.4655824848658194,-1.5053913368389618,-2.5560199759353206
-2.7939962960608944,-2.204404992006427,-3.5173934588916347
-2.684525025662536,-2.1271827644689694,-2.9324958807274806
-2.5203181200649984,-2.232817477905509,-2.7444010688447245
-2.4655824848658194,-2.3242544367222195,-2.556122219159123
-2.3013755792682824,-2.1643780753034365,-2.117234324766023
-2.3013755792682824,-2.1442658013296936,-1.970938359968323
-2.137168673670745,-2.476720150241226,-2.771926156155421
-1.9729617680732077,-2.312714661961922,-2.8416590634463845
-1.535076686479775,-2.0607785610770804,-2.789410504590063
-1.2066628752847002,-1.9502530528939348,-2.2038994670830956
-1.8634904976748494,-2.03849806814806,-2.249031594696998
-2.246639944069103,-1.996160833181218,-3.148299817723779
-2.4655824848658194,-2.2496015222594012,-3.4827723889832782
-2.3013755792682824,-2.1857127681455792,-3.064783918132707
-1.8087548624756704,-2.019647033430027,-2.9916359357338567
-1.535076686479775,-1.7947937571182027,-2.7617422767660424
-2.191904308869924,-1.9338056584241972,-2.740842853223514
-2.191904308869924,-2.018991239307413,-2.7094937179097216
-2.027697403272387,-2.0244592466416256,-2.7199434296809857
-1.6445479568781332,-1.8849703093584984,-2.699044006138457
-1.535076686479775,-1.7676214380948907,-2.740842853223514
-1.2613985104838794,-1.7478182210447275,-2.440991351872371
-1.2613985104838794,-1.611442368067497,-2.521153522289839
-1.2613985104838794,-1.521913212323798,-2.4723813844756855
-1.2066628752847002,-1.4481486028474946,-2.503730519789478
-1.3708697808822377,-1.4833994497651277,-2.2005661865542514
-1.535076686479775,-1.4782729483363104,-1.8870339361268018
-2.082433038471566,-1.574300204685249,-1.928832783211859
-2.3561112144674614,-1.7616528419636608,-2.2109750010359948
-2.3561112144674614,-1.9294508491997377,-2.4304189482325445
-2.4108468496666404,-2.0678562529136553,-2.555815489487716
-2.4108468496666404,-2.168841609668803,-2.628963471886566
-2.4108468496666404,-2.255968677698856,-2.7230108778279445
-2.629789390463357,-2.380979698677662,-2.806608571998059
-2.739260660861715,-2.516354030549846,-2.911105689710702
-2.8487319312600734,-2.6527051389325274,-3.0156028074233445
-2.684525025662536,-2.6419730003005104,-2.9529045367957587
-2.684525025662536,-2.6405724087615012,-2.911105689710702
-2.684525025662536,-2.6047126974551995,-2.7752594366842662
-2.684525025662536,-2.5902662590317176,-2.6812120307428877
-2.684525025662536,-2.6220812061527323,-2.702111454285416
-2.3561112144674614,-2.5508449088256544,-2.691661742514152
-2.191904308869924,-2.460062781741398,-2.691661742514152
-2.027697403272387,-2.35879350754834,-2.7230108778279445
-2.027697403272387,-2.262763201984501,-2.6812120307428877
-2.082433038471566,-2.1079854781678016,-2.9915541411548148
-2.082433038471566,-2.0985067781085824,-2.9915541411548148
-1.9729617680732077,-2.0473823782935416,-2.9706547176122866
-1.9182261328740287,-1.986436970266532,-2.9079564469847003
-2.137168673670745,-2.0402162270408546,-2.9079564469847003
-2.137168673670745,-2.074807692568352,-2.9079564469847003
-2.137168673670745,-2.097057339720622,-2.9079564469847003
-2.4655824848658194,-2.2220739285867785,-2.887057023442172
-2.027697403272387,-2.1533875886216625,-2.887057023442172
-2.027697403272387,-2.108972766475752,-2.887057023442172
-2.027697403272387,-2.0802526974306588,-2.887057023442172
-2.027697403272387,-2.061681366372636,-2.887057023442172
-2.027697403272387,-2.0496725394883697,-2.887057023442172
-2.027697403272387,-2.041907241315304,-2.887057023442172
-2.027697403272387,-2.036885946870996,-2.887057023442172
-2.027697403272387,-2.033639014514439,-2.887057023442172
-2.027697403272387,-2.0315394424130653,-2.887057023442172
-2.027697403272387,-2.030181790782298,-2.887057023442172
-2.027697403272387,-2.0293038890663637,-2.887057023442172
-1.9729617680732077,-2.0711427146355046,-2.475755562294051
-1.9182261328740287,-2.0422412769464273,-2.4966549858365794
-1.8634904976748494,-1.993921794110723,-2.4653058505227867
-1.589812321678954,-1.9224090544213728,-2.5593532564641652
-1.3708697808822377,-1.6847877274910825,-2.5873691112491133
-1.3708697808822377,-1.6136970465154916,-2.681416517190492
-1.3708697808822377,-1.5445369764641304,-2.681416517190492
-1.3708697808822377,-1.4950745102919525,-2.681416517190492
-1.3708697808822377,-1.4596995380280886,-2.681416517190492
-1.3708697808822377,-1.4343997752076685,-2.681416517190492
-1.3708697808822377,-1.4163056833170762,-2.681416517190492
-2.3013755792682824,-1.7678282113458303,-3.1796080557480515
-1.9729617680732077,-1.8131491662764714,-2.9009013616765627
-1.8634904976748494,-1.8047703182642898,-2.8033775346930163
-2.082433038471566,-1.8728628765454913,-2.61174495583381
-2.191904308869924,-1.9865199439928762,-2.7057923617751882
-2.191904308869924,-2.0454657811298063,-2.7057923617751882
-3.0129388368576104,-2.5998585292666783,-3.3257404313876675
-3.06767447205679,-2.9830827259605828,-4.158424989849487
-3.0129388368576104,-3.012896283056377,-4.635901142667361
-2.9034675664592524,-2.917935104914939,-4.642874433396457
-2.9582032016584314,-2.955027091535776,-4.674223568710251
-3.0129388368576104,-3.003144768414161,-4.695204786831821
-2.137168673670745,-2.392398171501695,-4.15854768171805
-2.739260660861715,-2.61841293128546,-4.127198546404257
-2.9034675664592524,-2.8773974291764013,-4.5138378819410345
-2.9034675664592524,-2.8427937367930025,-4.15854768171805
-3.0129388368576104,-2.9909764196612603,-4.346642493600807
-3.0129388368576104,-3.0154156037626456,-4.810131167670968
-3.0129388368576104,-3.0145695477025307,-4.813587140068375
-2.7939962960608944,-2.8408844137183955,-4.6322815811118705
-2.7939962960608944,-2.8022142760733746,-4.6322815811118705
-2.7939962960608944,-2.777262562927063,-4.555738972249895
-2.7939962960608944,-2.7910040428894662,-4.555738972249895
-2.5203181200649984,-2.6215954812442916,-4.332593668918811
-2.3013755792682824,-2.4054884881677077,-3.876180528801549
-1.8087548624756704,-2.0623188539799866,-3.6950794562926483
-1.8087548624756704,-1.9077096430562237,-3.5732002333691657
-1.3161341456830584,-1.6323921496000602,-3.5070050930546515
-1.3708697808822377,-1.4999214442681066,-3.3467829954435198
-0.9877203344879839,-1.2879346260738544,-3.2248628752305155
-0.9329846992888048,-1.2008635975678468,-3.0436595594978133
-1.042455969687163,-1.146161098992914,-3.0436595594978133
-0.9329846992888048,-1.0525699073385342,-3.0193041635578775
-1.2066628752847002,-1.145171672977027,-2.9565445469960103
-1.0971916048863422,-1.2930967080579008,-2.6149759931388523
-0.8782490640896257,-0.9166258387903753,-3.0472382237637836
-0.9877203344879839,-1.0280868160537737,-2.9426184141825784
-0.7687777936912674,-0.9199144034279233,-3.0541092712690774
-0.7140421584920884,-0.7631458508780716,-3.005459825323487
-0.6045708880937302,-0.7968947200453836,-2.8938871736579452
-0.6045708880937302,-0.7903490655944632,-2.764952865426325
-1.9182261328740287,-1.0814180709403352,-3.0158890884499905
-1.8087548624756704,-1.3757605912812503,-3.1935341885614834
-2.027697403272387,-1.6228099159939902,-3.141285629705162
-2.027697403272387,-1.7788766726140322,-3.141285629705162
-2.027697403272387,-1.874786389841173,-3.141285629705162
-2.027697403272387,-1.933727025616574,-3.141285629705162
-1.7540192272764912,-1.8793215680623185,-2.8799405921997527
-1.535076686479775,-1.8010628297558153,-2.7893082613662608
-2.082433038471566,-1.8895210523010135,-3.203983900332748
-2.246639944069103,-2.016475902573621,-3.256314253768111
-2.137168673670745,-2.1095229761094965,-3.242265429086116
-1.8634904976748494,-2.0277661209619335,-3.221325108254067
-2.3561112144674614,-2.147385865462773,-3.0714709278351573
-2.3561112144674614,-2.161586099862519,-3.0541910658481197
-2.3561112144674614,-2.203117057587059,-2.862558486988913
-1.9182261328740287,-2.112634850325472,-2.6987781737565713
-1.6445479568781332,-1.962818496047551,-2.6012543467730245
-1.8634904976748494,-1.9368244235992547,-2.6012543467730245
-2.027697403272387,-1.9623789532974838,-2.5942810560439282
-2.191904308869924,-2.004416280470959,-2.562952369374896
-2.4108468496666404,-2.111012900691259,-2.549005787916703
-2.4108468496666404,-2.187158644464091,-2.549005787916703
-2.575053755264178,-2.2894138719225023,-2.5385356275006785
-2.3013755792682824,-2.2685613684761226,-2.531623682705863
-2.3013755792682824,-2.2899472601751416,-2.475816908228332
-2.3561112144674614,-2.307724221008162,-2.336371542291166
-2.3013755792682824,-2.272727654994007,-2.381769502286954
-2.3013755792682824,-2.2748690418068374,-2.3260036250989438
-2.027697403272387,-2.243175698162773,-2.3503590210388796
-2.137168673670745,-2.2256558184030264,-2.566449239061824
-1.9729617680732077,-2.1566738967496297,-2.55599952729056
-2.191904308869924,-2.1600904954355524,-2.5351001037480314
-1.2613985104838794,-1.9347770411809733,-2.521153522289839
-1.0971916048863422,-1.7303423252610857,-2.4201123769746036
-1.0971916048863422,-1.5861537869084992,-2.4514615122883963
-1.2613985104838794,-1.509112335054156,-2.4514615122883963
-1.2613985104838794,-1.494698489224731,-2.3434061789545435
-1.535076686479775,-1.5113938223877057,-2.1866196050960585
-1.2613985104838794,-1.4267258443549353,-1.8522288284156012
-1.2613985104838794,-1.423457719628949,-2.029873928527094
-1.2613985104838794,-1.3969583988806278,-2.029873928527094
-1.2613985104838794,-1.3747921487663477,-2.029873928527094
-1.2613985104838794,-1.356250441648819,-2.029873928527094
-1.2613985104838794,-1.3407406057018385,-2.029873928527094
-1.2613985104838794,-1.3277668805978093,-2.029873928527094
-1.2613985104838794,-1.3169145708989634,-2.029873928527094
-1.2613985104838794,-1.3078367906272756,-2.029873928527094
-1.2613985104838794,-1.3002433753131313,-2.029873928527094
-1.2613985104838794,-1.2938916071046733,-2.029873928527094
-1.2613985104838794,-1.288578456472858,-2.029873928527094
-1.2613985104838794,-1.2841340925241282,-2.029873928527094
-1.2613985104838794,-1.1490551790418757,-3.9183065542027733
-1.2613985104838794,-1.4603684475245466,-2.8449105493961873
-1.8634904976748494,-1.4720994225388107,-2.88339656459716
-1.3161341456830584,-1.4489575107786954,-2.744012544594275
-1.6445479568781332,-1.4995228445585653,-2.629045266465608
-0.8235134288904465,-1.2436909584595908,-2.7197184945886206
-0.44036398249619285,-1.1474968109118877,-2.5732793892775976
-0.44036398249619285,-0.9790535778895624,-2.5732793892775976
-1.3161341456830584,-1.2588125182893388,-2.3292142137592258
-1.3161341456830584,-1.1405408256877276,-1.6884280665384992
-1.3708697808822377,-1.4952377346458252,-1.1690917207012854
-1.7540192272764912,-1.5086264349038259,-0.8660500793346214
-1.6445479568781332,-1.5146846805135694,-0.6361564203668072
-2.137168673670745,-1.4912518080645794,-0.6396941873432564
-2.4108468496666404,-1.5406805294090478,-0.5665462049444066
-2.4655824848658194,-1.6014135184957552,-0.2739542753490066
-2.4655824848658194,-1.6370140713618322,-0.6292444755719923
-2.3013755792682824,-1.6691383336222354,-0.7128421697421065
-2.082433038471566,-1.688195114069926,-0.7964398639122207
-2.246639944069103,-1.7126480773282673,-1.0785820817363565
-2.246639944069103,-1.744429590382445,-1.0785820817363565
-1.8087548624756704,-1.7471476628060956,-1.2248780465340563
-1.7540192272764912,-1.7513934108656977,-0.7964398639122207
-1.3708697808822377,-1.7313078747031383,-0.7964398639122207
-1.2613985104838794,-1.7023601357696136,-1.0054340993375064
-1.7540192272764912,-1.7017158084220134,-1.245777470076585
-1.6992835920773122,-1.6997420268630365,-1.360724299560492
-1.9729617680732077,-1.720277551634611,-1.3711740113317565
-1.8087548624756704,-1.72697882251271,-1.3816237231030206
-1.6445479568781332,-1.7205715587828558,-1.392073434874285
-1.6445479568781332,-1.7146965973512187,-1.392073434874285
-1.6992835920773122,-1.717866834474628,-0.953185540481185
-1.6992835920773122,-1.715375868343492,-1.099481505278885
-1.6992835920773122,-1.7144044698346845,-1.099481505278885
-1.535076686479775,-1.4117078633801972,-2.3050224069773733
-1.535076686479775,-1.4319565363364182,-2.075128748009559
-1.6992835920773122,-1.4757226154169174,-2.075128748009559
-1.6992835920773122,-1.51232342769428,-2.075128748009559
0.32593491029231453,-1.6667585815367216,-1.1308101919479172
-0.002478900902760059,-1.3699578599468023,-1.0961891220395612
-0.002478900902760059,-1.265532580980385,-1.0961891220395612
-2.739260660861715,-2.0374321568794738,-4.22817834578521
-2.7939962960608944,-2.6527304721699787,-4.555677626315613
-2.9582032016584314,-2.9259443764223607,-4.733343175071866
-3.0129388368576104,-3.008505097468974,-4.886755571111985
-2.7939962960608944,-2.791543937760399,-4.959964899445117
-2.684525025662536,-2.685513970458584,-4.886816917046267
-2.9034675664592524,-2.907639323887733,-4.973911480903309
-2.629789390463357,-2.6375251535678235,-4.886776019756746
-1.9729617680732077,-2.015016924121124,-4.806634297984039
-1.6992835920773122,-1.7319525034469263,-4.618539486101282
-1.6445479568781332,-1.6914033408038742,-4.210816689219131
-1.535076686479775,-1.5900989033710147,-3.9042372808760177
-1.9729617680732077,-1.848632570113605,-4.00869350129914
-2.082433038471566,-1.992997948336885,-4.099305383487871
-2.5203181200649984,-2.350779900752879,-4.162003654115457
-2.629789390463357,-2.5345635376134585,-4.151553942344193
-2.5203181200649984,-2.5246066155282403,-4.134130939843832
-1.9182261328740287,-2.141094782814947,-4.120163909740879
-1.9182261328740287,-1.9993831711054266,-4.113190619011783
-1.0971916048863422,-1.4543626516142387,-3.841498112958911
-0.9329846992888048,-1.2744018464089024,-3.2805469578394844
-0.8782490640896257,-1.2017594064650279,-2.792784682408429
-0.9329846992888048,-1.185473489447126,-2.444385978335498
-0.9329846992888048,-1.11075448843788,-2.319009885725087
-0.9877203344879839,-1.0880848502789506,-2.4653058505227867
-1.1519272400855212,-1.1042491898596345,-2.158767339469194
-1.4256054160814167,-1.04234336711697,-2.848693700109762
-1.4256054160814167,-1.2121577270709043,-3.0715936197037195
-1.535076686479775,-1.318965838053912,-3.2736963589789507
-1.6445479568781332,-1.4925855838668356,-3.5663087372191113
-1.4803410512805957,-1.4853247976849335,-3.6220541657623615
-1.589812321678954,-1.580257569814758,-3.674220930039641
-1.4803410512805957,-1.5602036598141922,-3.4686213210774817
-1.1519272400855212,-1.374686130663691,-3.134230544397024
-0.495099617695372,-1.1203690814760803,-2.848550559596439
-0.05721453610193916,-0.8863000261937504,-2.4479441939567073
0.16172800469477724,-0.7929295351484301,-2.082122487383416
0.4354061806906727,-0.7724225472147422,-1.8347035826914386
0.5996130862882101,-0.6772624513743354,-1.6605144549773532
0.8732912622841056,-0.7058316145334054,-1.4583912670573618
0.38067054549149365,-0.7404737359198268,-0.9289528364098116
0.21646363989395634,-0.25980346570921187,-1.2147964103684803
-0.22142144169947647,-0.21403769532228734,-1.5178176030903838
-0.11195017130111826,-0.13782279328079594,-1.7895101091432553
-0.33089271209783466,-0.17801795849457047,-1.7268118385156699
-0.3856283472970138,-0.22123055825390237,-1.6536638561168195
-1.8634904976748494,-0.41287355095352163,-1.852208379770841
-0.3856283472970138,-0.3991169856035268,-1.914906650398427
-0.3856283472970138,-0.3938446918964461,-1.9358060739409555
-0.495099617695372,-0.4157666533050747,-2.061182166551366
-0.549835252894551,-0.43582719808939363,-2.0716318783226306
-0.6045708880937302,-0.4566435107625012,-2.123880437178952
-0.44036398249619285,-0.4798809263271706,-1.935785625296195
-0.11195017130111826,-0.42576917808313586,-1.935785625296195
-0.27615707689865554,-0.41432612665629553,-1.873087354668609
-0.33089271209783466,-0.2820738334355497,-2.0438409586300477
-1.4803410512805957,-0.51774246515223,-3.5872286094064005
-1.7540192272764912,-1.302002929737884,-4.064438929842389
-2.027697403272387,-1.8017478758423122,-4.235151636514306
-2.684525025662536,-2.5330043226779235,-4.594000052358502
-2.629789390463357,-2.6110799866295675,-4.583550340587237
-2.5203181200649984,-2.551725936637201,-4.363963252877364
-2.4108468496666404,-2.4754106591730816,-4.42310330788374
-2.9034675664592524,-2.7898065581728373,-4.510300114964585
-3.0129388368576104,-2.995508276472969,-4.820560430797471
-3.06767447205679,-3.0642234278014215,-4.8484740423586175
-3.231881377654327,-3.229357664209097,-4.900722601214939
-3.122410107255969,-3.1283458242795894,-4.84145985434
-3.06767447205679,-3.0711423410353356,-4.872808989653793
-3.177145742455148,-3.163990034545091,-4.743854232777411
-3.177145742455148,-3.1788428475069397,-4.82049908486319
-3.231881377654327,-3.2270903705337637,-4.722873014655841
-3.122410107255969,-3.136880714428877,-4.722873014655841
-2.684525025662536,-2.7614908033970695,-4.663610267780903
-3.286617012853506,-3.198089248196722,-4.663610267780903
-1.9182261328740287,-2.237110141530666,-4.214272661616539
-1.9729617680732077,-2.024077064607085,-3.998346032751678
-2.575053755264178,-2.427784515354039,-4.17597068421841
-2.575053755264178,-2.509205257780417,-3.9947673684857077
-2.684525025662536,-2.626708310647055,-4.0888556717166065
-2.4655824848658194,-2.5063540583664032,-4.026177849733782
-2.246639944069103,-2.351482400756383,-4.12022525567516
-2.3561112144674614,-2.3761920049520913,-4.106217328282686
-2.246639944069103,-2.2802361088546843,-4.012169922341307
-1.4803410512805957,-1.8476270349908002,-3.705549616708673
-1.2066628752847002,-1.5157305978725522,-3.517454804825916
-0.9877203344879839,-1.3440698376239417,-3.1237194866914786
-1.042455969687163,-1.201454348508091,-2.953068125953842
-1.0971916048863422,-1.16019840818996,-2.803275291469214
-1.1519272400855212,-1.1591716563106311,-2.8137250032404784
-1.2613985104838794,-1.1231176653095516,-2.7441352364628377
-1.3708697808822377,-1.210718256612909,-2.8172832188616876
-1.4256054160814167,-1.3145815388515343,-3.015827742515709
-1.535076686479775,-1.3703113434441514,-3.7128296371091762
-1.6445479568781332,-1.5024362810874545,-3.5351845369976833
-1.6445479568781332,-1.684819375075071,-4.304925441094792
-1.535076686479775,-1.569318600378085,-4.517436994851765
-1.4803410512805957,-1.476511613787029,-4.141247371086251
-1.3161341456830584,-1.409762563908346,-3.8241160077480716
-1.589812321678954,-1.577591849949135,-3.621870127959517
-1.9182261328740287,-1.7521260247683799,-3.8239728672347484
-1.8634904976748494,-1.8036301351711541,-4.067935799529318
-2.137168673670745,-2.006284763252104,-4.0261369524442605
-2.4108468496666404,-2.2889854098304387,-4.165480075157625
-2.4108468496666404,-2.3668183074913207,-4.137607360886
-2.246639944069103,-2.2796443039052896,-4.040063085257693
-1.6445479568781332,-1.894946328371525,-3.8867733810861367
-1.1519272400855212,-1.5272250130858054,-3.5488039401397087
-1.2613985104838794,-1.4202302487993883,-3.388520496594295
-1.3708697808822377,-1.3817650210343637,-3.2526742435678595
-1.4256054160814167,-1.4171388833356908,-3.0993436421067817
-1.4803410512805957,-1.4545371001289458,-2.9808590456464255
-1.4803410512805957,-1.42616121414667,-2.9739471008516105
-1.4803410512805957,-1.40542057961776,-2.764952865426325
-1.535076686479775,-1.4694945202312324,-2.6011521035492224
-1.6445479568781332,-1.45969315873567,-2.514118885626461
-1.6992835920773122,-1.4772202968595916,-2.4619112240596603
-2.629789390463357,-1.8129236816170693,-2.6186569006286247
-1.589812321678954,-1.732682953737567,-3.0229032764686083
-1.4803410512805957,-1.6581194891370499,-2.893948519592227
-1.4256054160814167,-1.5689598000732459,-2.921841682508612
-1.2066628752847002,-1.4277531680444553,-2.8173445647959694
-0.9329846992888048,-1.2552244240643948,-2.90793599833994
-0.495099617695372,-0.9444637272594457,-2.852251915730972
-1.042455969687163,-1.0145805076430197,-3.3887249830418997
-2.027697403272387,-1.4964370473243243,-3.399174694813164
-2.027697403272387,-1.748529498103513,-3.399174694813164
-2.027697403272387,-1.8809996148833048,-3.399174694813164
-1.9182261328740287,-1.9614974895020059,-4.116851077856794
-1.9182261328740287,-1.9367843531969506,-4.169099636713116
-1.1519272400855212,-1.526821255187988,-3.709107832329883
-0.22142144169947647,-0.9107696012378236,-3.1866222437666685
-0.22142144169947647,-0.7829559596685735,-2.84859145688596
-0.33089271209783466,-0.7588058877162404,-2.2772314872847903
-0.6593065232929093,-0.7388555335107856,-2.2772314872847903
-0.8235134288904465,-0.9289218496188755,-2.2700946073976103
-1.2066628752847002,-0.8906829050244529,-3.0191610230445542
-1.2066628752847002,-1.0078738326229697,-3.144557564299726
-1.1519272400855212,-0.98795945026748,-3.120263514294071
-1.2613985104838794,-1.0602519296195165,-2.953068125953842
-1.3161341456830584,-1.0614185141454755,-2.4723813844756855
-1.3708697808822377,-1.062010500726498,-2.0752923371676424
-1.3161341456830584,-1.1067008880515647,-2.1275613446687243
-1.1519272400855212,-1.1493611184995953,-2.3156561565514817
-0.9877203344879839,-1.142595282752088,-2.7371619457337415
-0.8782490640896257,-1.1524774401201114,-2.590743289067479
-0.495099617695372,-1.1175751815206563,-2.0646176903040137
-0.3856283472970138,-0.9276013004264017,-2.10997475301028
-0.27615707689865554,-0.7587168940826943,-2.238909061241901
0.16172800469477724,-0.5924495216306818,-1.9672165551890295
0.32593491029231453,-0.449583719343697,-1.8104708786200652
-1.6992835920773122,-0.6413009033892576,-1.8209205903913295
-1.6992835920773122,-0.8037134691770291,-1.8209205903913295
-1.6992835920773122,-0.9411938297332794,-1.8209205903913295
0.05225673429641904,-1.0999647848438314,-1.298148720801469
-1.589812321678954,-1.136844673641715,-1.298148720801469
-1.589812321678954,-1.1709479307420465,-1.298148720801469
-1.589812321678954,-1.2024836045946758,-1.298148720801469
-1.589812321678954,-1.2316450047041618,-1.298148720801469
-1.589812321678954,-1.2586108865914327,-1.298148720801469
-1.589812321678954,-1.2835465475414616,-1.298148720801469
-1.589812321678954,-1.3066048398537287,-1.298148720801469
-1.589812321678954,-1.3279271078065806,-1.298148720801469
-1.589812321678954,-1.3476440540789347,-1.298148720801469
-1.589812321678954,-1.3658765409403943,-1.298148720801469
-1.589812321678954,-1.3827363311209564,-1.298148720801469
-1.589812321678954,-1.3983267729017448,-1.298148720801469
-1.589812321678954,-1.412743433626288,-1.298148720801469
-1.589812321678954,-1.42607468551568,-1.298148720801469
-1.589812321678954,-1.4384022473785916,-1.298148720801469
-1.3708697808822377,-1.3717015644372412,-4.217749082658707
-2.246639944069103,-2.0208085601039656,-4.374515207872432
-3.0129388368576104,-2.7974955352599613,-4.485985616314171
-2.9582032016584314,-2.9254759843822042,-4.506885039856699
-2.5203181200649984,-2.605413821723843,-4.141104230572928
-2.191904308869924,-2.306858425462615,-3.7579208674335574
-2.027697403272387,-2.1924370692634247,-3.5801326268087412
-2.3561112144674614,-2.321201480916248,-3.841395869735109
-1.6992835920773122,-1.9657021043812735,-3.980759441093233
-1.042455969687163,-1.4734415941451457,-3.722952170564273
-0.495099617695372,-1.0182460265670361,-3.3572122585700233
-0.44036398249619285,-0.8680496284527163,-1.7931501193435069
-0.8235134288904465,-0.8476119322825695,-1.5946055956894856
-0.9877203344879839,-0.8287880577886746,-2.0893207132048772
-1.3708697808822377,-1.0351386654442747,-2.8312706976094018
-1.6445479568781332,-1.335338062482023,-3.2945139879424374
-1.589812321678954,-1.4692918292593888,-3.482608799825195
-1.6445479568781332,-1.5608358086209713,-3.367600624407006
-1.535076686479775,-1.5104332175262167,-3.0854584065828705
-2.5203181200649984,-1.814400743509856,-2.900819567097521
-1.589812321678954,-1.6570181537606556,-2.960205005841022
-1.535076686479775,-1.638991086772028,-3.1169506824099864
-1.3708697808822377,-1.5112177727581806,-2.960205005841022
-1.1519272400855212,-1.3379456327048735,-2.590968224159844
-1.4803410512805957,-1.5166174828279702,-3.2179100331461803
-1.1519272400855212,-1.4687677587875771,-3.1306723287758143
-1.042455969687163,-1.3190353404302815,-3.1411220405470783
-1.4256054160814167,-1.392730411248739,-3.377968541599229
-1.3161341456830584,-1.3974286981589332,-3.130570085552012
-1.6992835920773122,-1.4671053211083411,-3.269995002844418
-2.082433038471566,-1.7669703872564804,-3.520788085354761
-2.027697403272387,-1.8567205207801936,-3.541748854831571
-1.2613985104838794,-1.6028467914740854,-3.412834995244711
-0.27615707689865554,-1.3365365273297038,-2.722888185959382
0.4354061806906727,-1.0139055499728038,-2.2212815722939356
0.6543487214873891,-0.8538293741481273,-1.6465474248744
-0.33089271209783466,-0.9465551319242294,-1.0578053500623905
-0.7140421584920884,-0.7284197788494178,-2.0506302115562995
-0.8782490640896257,-0.6711139423192829,-2.489579451883681
-0.9877203344879839,-0.7383059394817488,-2.5418280107400024
-0.9877203344879839,-0.8010531119020974,-1.9879932868629955
-1.042455969687163,-0.7425645232534247,-2.0577670914434796
-1.2066628752847002,-0.7913288240243425,-2.5733611838566395
-1.535076686479775,-1.1496597402827073,-2.740331637104503
-2.739260660861715,-1.6411023933727864,-2.959775584301053
-3.122410107255969,-2.2396737977336216,-3.161735183062961
-3.122410107255969,-2.6681198595254285,-3.8448109448429957
-3.06767447205679,-2.9761614286417912,-4.360548177769479
-3.0129388368576104,-3.0141041118821907,-4.552201205273445
-3.231881377654327,-3.189557798995047,-4.552201205273445
-3.122410107255969,-3.133139372019189,-4.7543243931934365
-3.122410107255969,-3.1254583960105986,-4.688088355589401
-3.177145742455148,-3.1585154511728573,-4.594040949648023
-3.177145742455148,-3.194709610728357,-4.409218072359829
-3.177145742455148,-3.1884569888047807,-4.4510169194448865
-3.122410107255969,-3.116990561402464,-4.660256538607297
-3.0129388368576104,-3.028792982576838,-4.6916056739210905
-2.739260660861715,-2.7764203200607764,-4.6916056739210905
-2.8487319312600734,-2.8420703140273185,-4.736901390693076
-2.5203181200649984,-2.5565441669836018,-4.649827275480794
-2.246639944069103,-2.289151465218815,-4.639377563709529
-1.9729617680732077,-1.9904768403782147,-4.7544266364172385
-2.027697403272387,-2.024637243973714,-4.695184338187061
-1.9729617680732077,-1.9758387556380532,-4.632486067559475
-1.9182261328740287,-1.9215665163178777,-4.705674947247846
-2.027697403272387,-1.981557002117366,-4.277154970046968
-1.9182261328740287,-1.9360014989686514,-4.308504105360761
-1.8634904976748494,-1.8649706420287866,-4.38870717306775
-2.575053755264178,-2.5247902975495675,-4.660420127765382
-3.177145742455148,-3.180892678415771,-4.932112633818252
-3.177145742455148,-3.1771180942014365,-4.932112633818252
-3.177145742455148,-3.177075131115903,-4.942562345589517
-3.231881377654327,-3.230026589441353,-4.858964651419402
-3.231881377654327,-3.231217534126816,-4.820642225376513
-3.177145742455148,-3.1826384786423283,-4.862379726527289
-3.177145742455148,-3.1767916118918076,-4.841480302984761
-3.286617012853506,-3.277612709347697,-4.757800814235605
-2.9034675664592524,-2.9438868348368405,-4.716001967150547
-2.9034675664592524,-2.9096365333769745,-4.74735110246434
-2.9582032016584314,-2.9572048312387302,-4.841418957050479
-2.7939962960608944,-2.8051651768215278,-4.830969245279214
-2.7939962960608944,-2.794762458242341,-4.963461769132045
-2.5203181200649984,-2.5211167562401293,-4.9007634985044595
-2.3013755792682824,-2.304837144701626,-4.858964651419402
-2.027697403272387,-2.0378011791035657,-4.785816669020552
-2.5203181200649984,-2.5188790745434138,-4.9007634985044595
-2.575053755264178,-2.574866983963835,-4.9007634985044595
-3.06767447205679,-3.0165904612454093,-4.71254599475314
-2.4108468496666404,-2.472461112969994,-4.7438951300669325
-2.082433038471566,-2.1436417817686584,-4.52788670662303
-1.9729617680732077,-2.0429975973729015,-4.2943530374549646
-2.191904308869924,-2.1591466173688447,-4.367501019853814
-2.4655824848658194,-2.3953652788821524,-4.499932197772363
-2.4655824848658194,-2.4404955394822334,-4.426784215373513
-2.9034675664592524,-2.844250257426575,-4.667291175270675
-3.177145742455148,-3.167910342829997,-4.82761551610561
-3.122410107255969,-3.123407441898476,-4.869414363190667
-3.122410107255969,-3.1219650524721203,-4.838065227876874
-3.06767447205679,-3.0687181619093655,-4.883340496004099
-2.629789390463357,-2.653753667927343,-4.695245684121342
-2.082433038471566,-2.149958212055401,-4.308606348584563
-1.8634904976748494,-1.9147139532223352,-4.566352273179243
-1.7540192272764912,-1.771891693171503,-4.670849390891885
-1.8634904976748494,-1.868171106529298,-4.5000139923514055
-2.082433038471566,-2.0420960217108095,-4.524410285580862
-2.4108468496666404,-2.3657505024840386,-4.660297435896819
-2.5203181200649984,-2.505221748210388,-4.702096282981875
-2.246639944069103,-2.2766125153374035,-4.660297435896819
-2.027697403272387,-2.0388969155168235,-4.792749062460127
-2.246639944069103,-2.2337794567844274,-4.771849638917599
-2.027697403272387,-2.0748042872247634,-4.47214127807978
-2.027697403272387,-2.0388890462815397,-4.493040701622309
-1.9729617680732077,-1.9943408657941621,-4.141104230572928
-2.027697403272387,-1.9991048106248654,-4.036607112860286
-1.7540192272764912,-1.8228321675771015,-3.848512300977528
-1.6445479568781332,-1.7327112298757625,-3.6917052784742825
-1.8087548624756704,-1.761721253263058,-3.6394567196179612
-1.7540192272764912,-1.8068471783286695,-3.9982437895278755
-1.8634904976748494,-1.8130953509714747,-4.238771198069798
-1.9729617680732077,-1.9190015217687697,-4.176072927442212
-2.082433038471566,-2.0079189113672613,-4.061146546603066
-2.082433038471566,-2.081115599856637,-3.942600604208428
-2.137168673670745,-2.113060984485324,-3.872908594206985
-1.9729617680732077,-2.0125841737211845,-3.768411476494342
-1.7540192272764912,-1.880680245995491,-3.6499268800339864
-2.629789390463357,-2.2778018840921894,-3.6708263035765145
-1.3161341456830584,-1.7831752179956681,-3.0785873590775763
-1.3708697808822377,-1.6205275762970768,-3.036788511992519
-1.2613985104838794,-1.4009078461679096,-2.5142620261397846
-1.2613985104838794,-1.2201660903684273,-2.0335752846616275
-1.4803410512805957,-1.363382015077566,-2.2948180789432344
-1.589812321678954,-1.4215688869765526,-2.2355757807130563
-1.589812321678954,-1.5165480535400921,-2.4027711690532847
-2.739260660861715,-2.698195147990988,-4.75446753370676
-2.739260660861715,-2.7371316301066075,-4.75446753370676
-2.082433038471566,-2.2123267365779737,-4.402510614012619
-1.589812321678954,-1.7339348253866391,-4.235315225672391
-1.535076686479775,-1.613544216520835,-3.350320762419969
-2.027697403272387,-1.8544345432018856,-3.5418919953448937
-2.027697403272387,-1.9035040845425721,-3.7022776821141097
-2.027697403272387,-1.9635945413517821,-3.6604788350290525
-2.027697403272387,-2.032327324193334,-3.9635818223299983
-2.027697403272387,-2.056031588868766,-4.1969723509847405
-2.027697403272387,-2.043653169104914,-4.287543335883951
-1.8634904976748494,-1.9116353748454167,-3.820660035350664
-1.6445479568781332,-1.740907652012356,-3.6395180655522426
-1.535076686479775,-1.6301840374738514,-3.5175774966944786
-3.286617012853506,-2.8499736390891717,-4.095522232774297
-3.3413526480526854,-3.120776663863469,-4.16881335568647
-3.3413526480526854,-3.3045219460896478,-4.430137944547118
-3.3413526480526854,-3.3297075243691863,-4.489400691422057
-3.3413526480526854,-3.323875493530182,-4.541751493502181
-3.3413526480526854,-3.338361817682588,-4.733465866940429
-3.3413526480526854,-3.338239428994812,-4.782319799333624
-3.3413526480526854,-3.3410576242289087,-4.796266380791817
-3.3413526480526854,-3.338557158924576,-4.973911480903309
-3.3413526480526854,-3.3416242755646923,-4.942562345589517
-3.3413526480526854,-3.3412555921341385,-4.9007634985044595
-3.3413526480526854,-3.34104153333255,-4.869414363190667
-3.3413526480526854,-3.3377242195198735,-4.764917245478024
-3.3413526480526854,-3.339807209655325,-4.733568110164231
-3.3413526480526854,-3.316299476817619,-4.482775027653888
-2.246639944069103,-2.4020773921645935,-4.430526468797567
-2.5203181200649984,-2.5474603484346425,-4.1097550952591355
-2.4108468496666404,-2.442822415012953,-3.9913113960882995
-2.3561112144674614,-2.361414815609582,-3.9251571530633065
-2.4108468496666404,-2.3995209764611163,-4.0575678823370955
-2.4655824848658194,-2.4621546766539844,-4.151615288278474
-2.4655824848658194,-2.482786856314069,-4.1097550952591355
-2.027697403272387,-2.1863790014602875,-4.1097550952591355
